0
0
0
0
0
0
0
0
0
0
0
0
0
0
0
0
0
0
0
0
0
0
0
0
0
0
-4
0
1
7
16
11
15
18
12
8
4
-12
-13
1
-7
-2
5
17
15
7
9
3
6
18
12
8
16
9
1
0
-13
-4
-2
-3
-2
-14
-15
-11
-5
-5
0
-5
3
-3
-5
-9
-20
-21
-9
0
-5
-16
-8
3
4
-7
-6
0
12
11
4
5
4
10
19
18
7
13
16
-22
-18
-10
-5
3
-24
-13
10
-4
-17
-2
3
8
-7
-12
7
5
0
-1
4
2
-13
-33
-25
-10
0
-5
-9
-7
-2
-2
5
23
23
34
26
20
12
15
0
1
6
17
10
-15
-9
-8
-1
0
5
1
8
1
-1
4
5
0
-8
-11
-5
-12
-8
-11
-14
-18
-18
-13
-17
-9
-16
-9
-3
-12
-13
-4
1
1
-3
11
6
3
-5
-6
9
1
1
0
5
-1
-1
2
16
16
17
2
20
13
-7
8
0
26
-1
-22
-13
0
11
-13
-12
11
21
12
0
7
27
21
-14
-26
4
11
-3
-9
1
0
-7
-19
-9
-1
4
-7
-12
-16
-4
-3
-6
-7
0
-3
-7
-13
-23
-8
2
1
1
6
7
8
2
-1
9
23
5
3
-2
-2
8
7
12
2
8
9
0
0
9
-1
-8
7
5
1
-15
-18
3
-7
-5
0
-9
3
-12
-8
10
11
-7
-22
-10
-1
-13
-25
-6
7
12
0
3
23
28
4
7
14
6
16
10
4
9
-4
-1
5
7
3
-2
11
11
0
-18
-3
4
-2
-7
-2
1
-2
-14
-9
4
-1
-5
-14
-4
-2
-8
-17
-15
-24
-21
-23
-14
-7
-19
-7
1
12
7
0
3
8
3
-5
-6
0
9
1
0
-9
-9
-4
-1
-5
-1
6
17
9
-4
12
6
22
18
-5
-9
-3
-1
8
-5
11
29
25
12
7
15
9
13
0
1
1
-9
-12
-13
-12
-11
11
-3
-15
-10
-12
-10
-27
-13
2
-2
-11
-7
-7
-4
-4
-9
1
3
1
-17
-11
-9
2
5
12
14
17
3
3
2
2
8
-4
3
2
-4
-15
2
6
8
6
-2
-3
1
-7
-8
-9
-12
19
15
5
1
0
-4
-1
-8
-10
-14
-12
2
2
-12
-1
15
18
21
6
11
10
12
26
22
17
15
19
17
14
-1
-6
-3
-8
-18
-20
-16
-7
1
-6
-2
-7
5
-6
-5
-8
-17
-5
-8
-6
-15
-14
-8
-7
-8
-16
-15
-20
-12
-12
0
0
15
13
7
6
21
24
12
17
6
1
-10
-12
-19
4
8
-5
-27
-20
2
10
1
-9
19
19
9
-8
-10
11
15
-7
-18
0
19
1
-11
-7
11
23
11
0
5
-5
17
11
14
26
0
0
0
-8
-12
-18
-10
-5
-4
-22
-12
5
1
-2
-10
-12
-27
-25
-27
-9
-3
5
13
-3
-5
-3
0
1
1
-1
-4
4
-5
15
-44
-4
83
21
-57
7
58
-5
-27
-2
28
-1
-2
4
5
-11
-7
15
23
-11
-14
-9
-2
-6
-12
-8
0
9
1
-24
-16
4
10
3
0
14
14
22
8
5
20
29
23
0
-8
-6
1
1
-6
-4
-1
5
-13
-9
-5
0
4
-4
-18
-7
12
13
12
-7
4
3
0
-14
-17
-16
-5
-6
-15
-23
-15
-10
-4
2
-5
-10
-2
11
-1
0
-5
8
4
-2
3
0
-3
-10
0
-1
-2
9
16
19
10
-3
16
18
12
-2
-2
-2
-5
-2
-5
-1
3
5
1
0
7
12
7
14
10
6
-1
-1
0
1
12
3
10
-5
-8
0
-6
2
-15
-11
-19
-2
-12
-9
-8
-14
-3
-2
-4
-14
-9
0
14
-2
-7
0
3
12
0
-8
0
7
-3
-1
2
9
5
-2
0
3
7
1
-1
-7
-15
-6
3
1
-11
-3
1
6
0
-7
-9
-5
1
0
-4
-19
-18
-17
-4
-2
0
8
16
25
16
-7
0
18
23
20
0
0
3
2
3
8
11
4
0
3
2
15
8
0
0
-6
-5
-7
-2
11
0
-4
-6
-8
-1
-19
-11
0
0
-1
-1
-8
-2
0
-13
-8
-7
-15
-17
-18
-16
-2
3
-4
3
6
3
4
5
2
2
0
-8
1
-1
-1
0
0
4
3
6
2
-2
-5
-6
4
-1
-1
-8
-6
-3
0
9
13
23
25
16
8
3
0
0
-2
-1
8
9
6
0
-5
0
0
0
-2
0
0
-14
-8
1
4
1
-6
-3
-15
-16
-27
-17
0
8
3
-4
-5
0
3
-5
5
4
17
6
-5
-1
3
6
6
6
11
12
-2
-18
-12
0
-1
-3
-18
-14
-6
-9
-19
-9
5
6
-3
-15
-14
-4
-2
3
1
-1
1
-1
-7
-2
-1
-1
-4
-5
4
9
13
16
17
12
19
9
9
11
8
7
11
4
6
-8
-5
8
9
-1
-20
-2
-1
17
0
-2
-7
0
-3
-10
-1
-5
10
9
-3
-11
-17
-9
-9
-24
-25
-15
0
-5
-18
-24
-8
10
16
0
10
22
11
5
-2
-1
9
3
-12
-12
-8
-1
-4
-13
-14
4
7
14
6
5
6
1
0
4
6
0
16
20
6
-2
0
15
20
16
7
0
6
7
7
4
0
3
7
12
12
-2
-13
-13
-10
-2
-7
-14
-12
-11
-5
-5
-8
-11
-5
0
-1
-1
-13
-9
-7
-1
-1
4
-3
-4
0
5
4
-1
0
-2
5
0
7
10
4
-2
-6
-18
-15
-17
-17
-5
-3
0
-1
-6
-4
11
22
19
3
-10
-3
6
-8
-22
-17
-4
0
-6
-20
-14
-6
2
13
15
8
4
-1
10
26
16
9
-2
12
18
13
-4
-15
-19
-10
-5
-13
-11
3
20
16
14
1
6
10
4
3
-5
-6
-9
-15
-15
-22
-17
-8
-10
-11
-10
-2
10
7
-4
-7
-5
12
5
0
-1
-4
0
-1
3
0
0
0
-2
-1
0
-6
-4
2
14
18
6
-7
-4
0
-1
2
-3
2
0
1
2
12
18
11
17
18
18
5
-8
-5
0
1
2
0
-3
2
-2
-4
-1
5
9
3
-12
-14
-14
-12
-7
-4
-15
-21
-13
-14
-5
-3
-1
2
-1
-4
-6
3
13
24
19
13
0
-3
-5
-2
2
2
-1
-3
3
12
13
3
7
12
24
6
-13
-24
-15
-4
0
-1
-8
-3
-8
-4
1
0
1
8
1
-7
-14
-14
-2
3
8
1
0
-8
4
5
7
7
10
20
26
14
2
0
10
16
6
-10
-18
-7
2
1
-1
-10
-4
0
-2
-8
-19
-17
-3
4
7
1
-11
-17
-11
-3
5
-1
-11
-18
-19
-18
-23
-25
-15
0
6
5
0
-4
-1
2
9
7
-2
0
0
3
5
1
-6
-3
1
7
3
-4
-8
-9
-4
2
4
-2
-9
-4
5
7
8
0
0
8
18
7
5
11
8
15
9
7
13
1
2
-3
-5
-2
-8
2
1
-3
-3
-4
-1
0
0
-2
-14
-17
-21
-17
-7
-3
-6
-5
-3
-3
-1
-5
1
8
17
14
0
-1
4
11
12
6
-1
-2
-7
-1
-1
-3
2
8
14
9
3
1
-1
0
1
-2
-5
-7
-8
-8
-5
-4
1
-3
-4
-7
-7
0
3
2
0
0
-1
5
0
1
8
20
20
15
11
-1
3
1
7
13
10
6
-2
-9
-5
-5
0
8
3
-1
-6
-12
-11
-3
2
3
5
-1
-3
-1
-8
-1
0
-1
1
-1
-6
-12
-18
-11
-10
-3
0
-2
-4
-2
0
2
7
7
5
0
-2
0
1
3
2
0
0
0
3
1
-4
-3
2
5
4
-3
-8
-11
-1
0
0
-2
-8
1
13
19
15
14
9
12
9
5
0
-3
-7
-6
-7
-6
-3
-2
0
-4
-5
-4
0
-2
-1
-7
-7
-6
-5
-5
-15
-17
-13
-11
-10
-9
-4
-3
1
6
3
1
7
5
6
9
10
8
0
0
3
2
5
-1
-8
-5
-4
-2
1
2
0
-1
0
6
2
-4
-7
-11
-3
0
-3
0
-2
0
-4
-17
-13
-8
-8
-3
0
2
9
7
5
13
17
21
10
6
0
7
10
14
6
-5
-7
-5
0
6
2
0
-6
-5
0
3
1
-4
-7
-9
-3
3
1
-3
-11
-16
-14
-6
-4
-4
-6
-9
-7
-4
-5
-3
-9
-12
-16
-13
-2
2
0
-2
-1
5
5
9
9
8
9
2
5
9
14
11
5
1
1
0
2
0
1
-1
-5
-8
-5
3
6
7
8
11
9
7
8
9
10
7
4
-3
-4
-3
-4
-2
-5
-4
-3
-6
-4
-6
-4
-7
-10
-4
-3
-4
-2
-8
-6
-10
-9
-8
-12
-9
-5
-3
0
4
2
8
6
8
13
8
7
8
7
5
2
5
2
1
3
1
2
5
5
0
3
1
3
1
2
1
-1
-1
-1
0
-2
-1
-1
-1
-2
-2
-7
-10
-4
-5
-3
-1
0
-2
3
0
2
5
6
5
7
7
5
3
4
2
-2
-1
-3
-4
-5
-3
-2
-3
0
-1
-1
0
0
0
2
0
0
0
-2
-2
-3
-1
-2
-3
-3
-6
-4
-7
-7
-10
-9
-10
-11
-6
-10
-7
1
-2
0
-2
2
2
0
0
1
2
0
0
-2
-1
-2
-1
-1
-2
0
0
-1
-2
-1
-1
-6
-2
0
0
2
3
10
17
11
10
12
14
11
7
4
7
0
-1
0
0
0
0
0
0
-1
-1
-2
0
-5
-7
-3
-6
-8
-10
-8
-15
-15
-15
-12
-9
-3
-3
-3
-2
-5
-1
0
6
0
0
-1
0
-1
0
0
0
-1
0
0
1
0
0
1
0
0
-1
0
1
1
1
1
1
0
0
-1
-1
-1
-1
-1
-4
-6
0
0
3
0
0
1
5
2
5
11
10
13
10
10
9
7
8
6
0
0
0
-1
-2
0
-1
-3
-4
-2
-4
-4
-5
-4
-2
-4
-2
-4
-4
-3
-3
-1
-2
-4
-3
-3
-2
-6
-6
-8
-11
-11
-8
-6
-5
-4
0
2
0
4
7
9
6
6
5
2
2
3
0
-1
1
1
1
2
1
2
1
1
-1
0
-1
0
1
0
3
3
9
16
9
7
8
9
11
9
4
7
3
0
0
0
0
0
-2
0
-2
-2
-1
-2
-4
-6
-6
-8
-8
-9
-10
-14
-15
-12
-11
-12
-8
-5
0
0
-1
0
5
10
14
9
10
7
6
4
3
2
2
2
2
1
2
5
3
4
0
-1
0
0
0
-1
-2
-2
-2
-4
-7
-1
-5
-8
-9
-10
-15
-12
-5
-5
-5
-4
-3
-1
-1
2
3
9
7
11
10
9
9
8
7
5
3
3
5
3
1
-1
3
0
-2
1
0
1
-3
-2
-5
-1
-6
-5
-6
-7
-4
-8
-6
-6
-8
-4
-7
-14
-14
-17
-16
-16
-11
-13
-13
-6
-1
0
0
0
6
3
2
3
0
3
4
2
0
0
5
0
2
2
0
0
0
-2
-2
-4
-9
-2
-1
1
0
2
10
9
5
8
10
12
8
1
1
0
0
0
0
0
2
-1
0
0
3
2
1
2
-1
0
-2
-3
-2
-1
-6
-10
-8
-7
-8
-3
0
0
2
2
3
3
5
8
1
1
0
0
0
0
0
-2
-4
-1
2
0
0
0
1
0
0
0
1
0
1
-2
-1
-3
-2
0
-1
0
0
-2
0
-3
-4
0
3
3
2
3
2
7
8
9
10
15
12
11
7
9
9
4
3
0
-2
-6
-2
-11
-11
-19
-20
-24
-21
-27
-21
-27
-28
-37
-50
-49
-72
-74
-140
-163
-389
176
720
905
597
-241
-882
-1115
-945
-18
1217
1727
1368
44
-1095
-1569
-1121
-169
673
966
556
-250
-818
-797
-322
355
782
683
251
-391
-873
-317
454
1157
1098
230
-648
-1210
-1169
-581
-65
316
832
979
1055
597
-215
-951
-1602
-1632
-700
669
1789
1919
951
-262
-1108
-1008
-244
459
695
164
-582
-1001
-792
-83
594
922
742
278
-125
-293
-175
-8
45
-79
-248
-293
-205
1
211
250
188
55
-63
-70
-24
-11
-26
-62
-56
62
223
376
433
423
396
337
368
169
-115
-433
-741
-964
-1088
-1185
-1147
-1068
-831
-312
278
867
1156
1162
921
634
427
352
444
644
796
1066
1167
668
116
-528
-918
-1011
-1195
-1707
-2894
-3355
-2721
-1019
1255
3004
3399
2539
1019
-388
-1084
-1029
-706
-709
-909
-1336
-1006
-28
1912
3385
3768
2739
1134
-319
-463
-331
-22
21
-634
-1777
-3113
-3862
-4676
-2528
-66
2453
4001
4253
2601
899
-458
-1566
-1635
-1655
-2274
-2711
-2055
-801
1606
4220
5291
4664
2432
-299
-1823
-1413
-187
821
1110
6
-1624
-3586
-4315
-5122
-2710
-126
2279
3730
4033
2629
1112
169
-1094
-1384
-1747
-2169
-2539
-1619
-674
1158
2653
3653
3150
2144
526
-419
-599
-111
905
1716
1817
987
-642
-2741
-4337
-6395
-5831
-2849
266
3781
5746
5357
3149
1370
-1172
-2163
-2414
-2693
-3002
-2532
-1863
-373
1857
3224
4263
3801
2343
573
-433
-1010
-161
926
1561
1561
361
-1421
-3488
-4892
-6760
-4796
-1596
1567
4996
6106
4761
2364
360
-2290
-2485
-2721
-2762
-2695
-1910
-1279
710
2592
3686
4527
3281
1601
-113
-1002
-1243
305
1155
1937
1564
12
-2175
-4224
-6085
-7083
-3471
-613
3471
6124
6092
3809
1530
-1021
-2828
-2386
-2906
-2588
-2428
-1644
-738
1830
2967
3979
4135
2217
1017
-406
-932
-559
879
1245
1922
1040
-398
-2333
-4243
-6384
-7072
-3398
-834
3978
6465
6273
4048
1330
-1550
-3217
-2540
-3015
-2104
-2023
-1607
-672
1439
2564
4305
4498
2688
1672
-641
-1107
-790
513
1103
1921
910
-562
-2497
-4669
-6804
-6636
-2824
-251
4888
6405
5951
3606
773
-1921
-3103
-2401
-2951
-1685
-1975
-1539
-478
1221
2479
4394
4322
2961
1870
-670
-993
-966
134
982
1815
958
-206
-2161
-4579
-6670
-6735
-3234
-524
4466
6119
5875
3750
808
-1641
-2930
-2191
-2490
-1330
-1668
-1597
-807
197
1796
3678
4386
3734
2602
196
-719
-1061
-454
567
1307
1017
74
-1738
-4115
-6394
-6800
-3763
-961
3705
5882
5825
4060
1179
-1254
-2669
-2043
-2088
-1074
-1223
-1672
-1283
-772
809
2959
4431
4454
3547
1280
-314
-1041
-1058
-200
580
786
372
-1017
-3163
-5544
-6758
-4468
-1959
2310
5229
5694
4652
1951
-508
-2313
-2015
-1943
-988
-693
-1277
-1247
-1457
-564
1514
3585
4531
4519
2774
804
-447
-1389
-997
-370
157
274
-286
-1896
-3975
-6064
-5251
-3258
-134
3554
4820
5018
3201
980
-1161
-1822
-1762
-1313
-502
-728
-779
-1304
-1296
-175
1684
3470
4354
4054
2432
970
-635
-1266
-1096
-719
-151
-16
-549
-1833
-3866
-5095
-4013
-2606
346
2746
3754
3834
2413
794
-723
-1099
-1266
-819
-335
-458
-508
-1052
-1059
-177
1301
2823
3737
3463
2143
573
-862
-1217
-786
-105
432
335
-296
-1517
-3277
-4137
-3453
-2513
-533
1030
1888
2266
1787
1055
208
84
-211
-54
89
-147
-172
-677
-934
-537
585
1745
2661
2408
1170
310
-194
14
376
549
404
28
-362
-930
-1808
-2807
-2559
-2249
-1559
-485
150
683
887
853
374
322
158
117
456
470
502
273
-171
-332
129
769
1308
1320
687
331
269
473
704
627
549
266
102
-119
-414
-1361
-2034
-1703
-1813
-1299
-777
-581
-438
-209
-307
-286
274
275
592
885
645
591
312
108
112
388
746
811
589
278
302
434
818
913
771
804
511
495
367
-42
-663
-1728
-1561
-1407
-1371
-1065
-1167
-1394
-1115
-957
-863
96
149
306
693
440
706
826
767
910
706
546
700
543
409
490
336
744
969
864
971
757
545
496
65
-243
-1187
-1869
-1161
-1291
-1245
-1228
-1844
-1793
-1416
-1487
-666
-48
-85
566
568
809
1302
1127
1306
1122
703
835
700
554
760
577
871
1165
1013
945
621
267
257
-101
-418
-1244
-1912
-1126
-1340
-1389
-1352
-2128
-2125
-1797
-1901
-913
-219
-95
757
853
1184
1713
1460
1526
1528
1448
1399
1064
936
968
1126
1261
1176
773
403
-121
-192
-541
-997
-2006
-2381
-1401
-1528
-1293
-1334
-2097
-1940
-1678
-1682
-502
76
296
1046
994
1397
1675
1421
1530
1398
1500
1441
1044
968
885
981
1281
1039
676
250
-340
-394
-843
-1323
-2466
-2286
-1413
-1675
-1188
-1544
-2213
-1758
-1749
-1499
-121
66
563
1246
1045
1614
1720
1471
1644
1556
1693
1438
1104
968
855
1089
1252
941
646
72
-331
-568
-1086
-1887
-2758
-1830
-1600
-1568
-1182
-1956
-2038
-1588
-1799
-879
101
121
1027
1201
1302
1822
1505
1565
1559
1609
1677
1254
1087
855
821
1168
1149
778
572
-77
-366
-768
-1403
-2574
-2600
-1619
-1825
-1265
-1408
-2146
-1611
-1578
-1527
-227
86
469
1306
1176
1703
1903
1534
1670
1498
1716
1524
1138
928
686
812
1146
1031
857
344
-228
-635
-1216
-2069
-2950
-1998
-1760
-1715
-1241
-1966
-1912
-1373
-1652
-849
-16
35
946
1309
1562
1975
1697
1631
1622
1773
1687
1285
1058
739
720
1028
1056
858
627
6
-377
-870
-1540
-2790
-2659
-1803
-2036
-1330
-1569
-2080
-1403
-1529
-1332
-271
-69
455
1177
1273
1905
1940
1683
1660
1453
1732
1450
1225
935
626
741
1031
1061
927
381
-116
-671
-1246
-2102
-3010
-1952
-1910
-1792
-1294
-2020
-1717
-1286
-1579
-748
-181
10
880
1198
1627
1916
1731
1666
1624
1742
1550
1202
1003
684
746
952
1081
961
578
60
-331
-871
-1418
-2748
-2656
-1846
-2125
-1354
-1598
-1939
-1279
-1460
-1275
-365
-181
416
1035
1309
2011
1897
1841
1726
1648
1797
1347
1200
918
771
814
966
895
792
316
-179
-768
-1292
-2401
-3065
-2013
-2173
-1685
-1429
-2041
-1441
-1231
-1318
-506
-166
193
940
1228
1840
2081
1925
1802
1462
1654
1421
1226
1009
688
652
803
1007
933
591
94
-489
-1150
-1862
-2968
-2234
-1963
-2005
-1431
-1903
-1696
-1180
-1336
-790
-223
-42
678
1126
1683
2154
1995
1852
1348
1294
1362
1116
1073
701
552
638
918
991
880
488
32
-534
-928
-2081
-3098
-3061
-2908
-2087
-1671
-1484
-750
-312
-126
239
457
421
1004
1302
1674
1808
1307
866
216
669
873
1132
1076
718
636
748
1055
942
976
464
120
-746
-1655
-3526
-4097
-3346
-2958
-1259
-610
297
905
990
515
330
205
-146
480
746
1459
1518
1268
565
-115
204
483
1040
1108
966
720
875
957
914
1070
620
218
-752
-2023
-4144
-4168
-3729
-2744
-850
-5
1081
1225
1061
22
-140
-403
-284
967
1431
2117
1720
747
94
108
485
845
1317
1253
1150
776
560
328
533
412
85
-631
-2111
-4370
-4494
-3852
-2401
-122
922
1830
1417
704
-761
-995
-731
-77
1471
2112
2332
1326
182
-374
72
813
1471
1926
1655
1249
406
-77
-73
256
600
101
-944
-3517
-5308
-4578
-3507
-497
1180
2196
1804
416
-774
-1798
-724
148
1835
2636
2430
1335
-187
-727
-408
891
1809
2347
1865
1027
159
-518
-135
569
1307
878
-785
-3550
-6189
-5157
-3533
-169
2018
2072
1452
-816
-1500
-1835
-43
1525
2445
2678
1296
101
-1025
-669
444
2080
2511
2112
1117
-52
-125
-81
827
1633
1742
622
-1738
-4050
-6372
-4562
-2241
257
2062
556
-99
-1760
-1202
-95
1355
2404
1440
886
-266
-164
276
1076
1627
1596
1226
390
488
547
1117
1317
1083
1077
608
150
-1274
-2374
-4662
-4619
-2593
-1813
843
120
77
-243
-666
427
529
1452
769
586
464
487
1128
771
952
722
767
862
871
1169
938
958
590
730
1005
847
-93
-1785
-3841
-5633
-3252
-1969
-7
944
-814
-365
-921
297
1264
1414
1106
-211
220
377
1511
1663
657
453
15
816
1386
1665
1253
575
280
213
1248
1405
796
-1268
-3374
-5589
-4321
-1337
-974
645
-988
-1539
-175
431
1941
1375
554
-472
-354
1353
1663
1886
378
-600
475
1079
2005
1565
624
68
367
1103
1494
1529
460
-1233
-2468
-3868
-4446
-1886
-1838
-1460
-648
-1287
281
832
1079
939
80
501
498
1198
1531
661
251
-187
977
1606
1245
944
211
616
1077
1268
956
717
743
70
-1159
-2561
-4985
-3741
-1532
-1798
-567
-1236
-1072
438
755
1663
914
256
760
658
1279
1019
468
162
615
1770
1150
611
405
555
1164
1076
682
405
593
847
-88
-1620
-3638
-4317
-1697
-1338
-1895
-1786
-1881
62
923
723
1072
531
843
1340
1074
860
400
425
667
1049
918
100
33
356
830
870
403
569
1343
1808
1399
5
-1154
-2018
-2012
-1297
-2493
-3216
-2898
-2326
-1024
-657
-521
430
1044
1360
1294
784
957
1301
1211
1108
831
732
1045
1153
1129
968
848
948
1073
1082
880
499
-186
-1053
-2447
-2716
-2764
-3434
-3193
-3091
-2428
-1099
-454
413
1277
1488
1864
1712
1514
1621
1429
1260
906
724
669
643
761
640
584
612
639
913
937
823
589
-23
-821
-2189
-2609
-2715
-3363
-3073
-2849
-2396
-1228
-576
334
1352
1546
1826
1736
1496
1562
1355
1134
882
622
533
464
456
501
562
672
812
941
1014
1022
906
330
-544
-1897
-2642
-2544
-3184
-3263
-2952
-2785
-1662
-690
13
1238
1547
1682
1836
1383
1587
1599
1177
1027
612
454
436
380
580
590
649
779
814
1052
1103
1019
634
-169
-1192
-2311
-2422
-2821
-3381
-3057
-2918
-2286
-1074
-465
563
1380
1394
1746
1618
1610
1763
1401
1133
746
478
472
387
495
510
492
639
757
922
1076
1068
943
367
-481
-1678
-2419
-2406
-3108
-3255
-2906
-2801
-1767
-852
-268
941
1356
1482
1881
1600
1749
1721
1214
1026
613
448
433
311
433
385
440
677
783
1076
1154
1053
897
140
-733
-1869
-2383
-2454
-3150
-3128
-2900
-2668
-1613
-827
-81
1095
1370
1589
1844
1605
1806
1676
1242
983
581
455
364
287
370
386
562
717
797
1040
1054
962
715
-4
-857
-1946
-2271
-2517
-3195
-3057
-2920
-2534
-1534
-843
-6
1083
1398
1698
1905
1683
1796
1690
1233
870
604
380
299
326
331
435
566
644
813
1012
1038
946
627
-40
-947
-1905
-2161
-2556
-3107
-3012
-2881
-2465
-1503
-752
117
1213
1448
1734
1920
1657
1848
1687
1131
883
529
320
327
244
293
402
524
710
833
979
1016
927
633
-49
-927
-1894
-2202
-2561
-3128
-3060
-2843
-2428
-1455
-721
94
1159
1443
1701
1903
1702
1809
1672
1156
909
585
326
311
242
276
416
520
664
790
948
1000
924
653
33
-880
-1827
-2178
-2530
-3063
-3011
-2789
-2455
-1559
-867
-51
1031
1391
1665
1869
1650
1783
1734
1233
958
589
279
261
212
256
384
452
619
754
920
1027
1006
771
166
-761
-1697
-2055
-2353
-2925
-2956
-2759
-2466
-1709
-993
-197
850
1357
1505
1729
1723
1802
1781
1328
964
780
509
277
278
258
368
509
506
702
929
933
884
443
-27
-1051
-2145
-2029
-2881
-2992
-2888
-2683
-1314
-2186
211
984
-161
2798
1547
605
3040
880
832
1979
-513
833
335
-399
1040
-71
1022
604
834
1257
850
1475
1096
-303
451
-3031
-1460
-2762
-5057
-217
-4541
-2216
223
-2965
1312
1329
334
3165
1399
1421
2132
942
1186
521
317
44
-345
338
-278
631
804
465
1326
837
1387
1412
1049
324
-65
-2721
-955
-3868
-3921
-883
-5147
-1050
-1336
-2400
1346
458
1158
2503
1677
1452
2044
1343
647
1132
111
-17
290
132
73
987
528
917
1095
1003
1107
1573
255
568
-1378
-2287
-1124
-5451
-994
-3407
-3513
-165
-2780
-136
747
735
1677
2305
1648
1268
2413
429
972
925
-550
462
-139
-103
455
661
571
1167
853
1188
1283
1238
268
485
-2334
-1137
-2644
-4561
-596
-4700
-1628
-1330
-2121
210
576
1062
1622
2570
1106
1938
2038
259
1499
238
-204
373
-315
-21
587
477
762
1207
866
1230
1396
808
408
-137
-2518
-595
-4062
-2955
-1586
-4433
-794
-2024
-1327
169
741
937
1941
2329
908
2471
1394
477
1600
-172
76
230
-346
57
640
368
943
1097
881
1268
1282
578
488
-750
-2126
-671
-4660
-1700
-2619
-3706
-689
-2216
-992
223
796
652
2458
1728
1183
2675
795
970
1194
-145
204
130
-158
49
781
309
1158
1034
1039
1145
1238
108
488
-1827
-1341
-1791
-4571
-753
-4012
-2157
-1087
-1960
-395
421
762
935
2695
1192
1680
2580
327
1411
866
-393
456
-58
-409
460
476
406
1311
899
1036
1424
723
250
124
-2411
-385
-3479
-3149
-1376
-4259
-1056
-1705
-1354
-187
540
647
1328
2495
906
2256
1848
429
1547
298
157
235
160
-209
534
618
539
1222
1064
773
1512
-18
343
-1377
-1589
-1054
-4749
-863
-3483
-2950
-364
-2345
-292
184
469
893
1864
1879
920
2747
831
643
1588
-378
477
398
-195
372
526
773
633
1566
737
1115
1037
-360
-343
-2295
-398
-4125
-2384
-1542
-4587
-292
-1574
-1603
836
140
785
1512
2015
1147
1735
2417
-165
1632
763
-569
1152
-143
159
574
800
523
1101
1368
309
1307
-143
-823
-1856
-600
-3594
-2854
-926
-4358
-1077
-586
-2216
607
568
92
1513
1725
1248
1292
2333
502
625
1633
-564
615
751
-242
654
984
614
970
1328
880
379
538
-1351
-2050
-25
-4281
-2074
-1118
-4170
-794
-827
-1891
319
514
542
1016
1808
1595
688
2385
941
37
1744
-49
-96
914
35
165
1073
953
800
1047
1413
-59
317
-1187
-1802
-452
-3662
-1769
-1254
-3456
-973
-781
-1708
277
258
481
1054
1065
1748
902
1347
1699
114
739
855
-239
295
642
240
674
995
963
421
867
365
-391
-1027
-1276
-483
-2297
-1811
-629
-2043
-1669
-332
-962
-607
150
230
655
374
920
1288
323
908
1047
-36
241
661
112
177
590
552
658
533
689
410
320
304
32
-366
-831
-13
-726
-1416
-583
-901
-1313
-817
-929
-495
-390
-512
302
188
15
610
477
460
479
484
334
202
422
375
291
498
563
498
504
441
466
367
382
268
107
-431
-215
-121
-909
-807
-601
-962
-910
-837
-776
-376
-526
-345
133
30
157
415
420
482
326
231
228
41
266
297
233
407
432
440
443
399
562
460
390
424
224
-104
-347
-99
-430
-805
-627
-635
-862
-748
-707
-562
-346
-425
-107
116
41
226
256
213
295
143
137
305
-89
222
445
137
399
417
442
531
288
507
445
293
364
176
-23
-283
-81
-312
-671
-501
-595
-658
-599
-672
-439
-299
-363
-134
16
-54
83
68
52
140
24
70
93
11
36
288
330
229
394
454
373
393
375
439
440
333
285
206
-196
-150
-14
-472
-495
-371
-553
-481
-478
-528
-205
-301
-287
-17
-120
-53
2
-57
101
47
13
146
28
48
269
237
286
326
323
400
343
323
421
372
396
262
195
42
-242
34
-203
-474
-327
-440
-490
-412
-575
-375
-237
-402
-178
-89
-149
7
1
17
163
65
91
152
12
88
262
213
238
292
319
373
320
351
443
415
353
250
197
-190
-88
-9
-479
-451
-427
-613
-490
-587
-573
-246
-369
-241
-27
-87
65
93
45
211
102
64
87
-28
73
231
201
269
361
400
480
462
481
552
491
384
278
210
-294
-229
-98
-593
-588
-545
-670
-530
-566
-581
-222
-247
-234
19
-28
43
124
0
122
105
-51
-16
-43
114
256
252
386
478
501
615
484
524
486
423
340
160
-135
-539
-149
-313
-766
-564
-528
-615
-408
-589
-368
-57
-283
-127
84
29
45
30
-1
118
-59
-130
-31
137
296
233
346
562
507
612
546
546
498
322
231
151
-335
-747
-143
-429
-867
-554
-570
-535
-336
-569
-177
72
-165
37
316
182
219
177
177
217
7
-9
293
434
484
540
737
876
813
811
720
716
493
473
184
-385
-1490
-696
-254
-1508
-1158
-694
-705
-381
-791
-398
439
-285
-137
358
-12
141
7
-370
126
-112
-263
256
349
542
706
775
1042
959
927
855
437
-133
-218
-1279
-2523
-977
-1201
-2149
-1148
-755
-334
113
-370
820
1214
-28
601
666
-54
78
-378
-150
58
-344
200
1143
1474
1823
2335
2563
2388
1829
1698
774
-992
-1720
-5285
-3702
-2081
-4956
-2346
88
194
2037
1601
2645
3809
246
33
452
-1996
-2373
-2618
-2427
-838
-1241
907
3278
3342
4137
3902
3410
2888
773
271
-1877
-4340
-8412
-7317
-2068
-4664
-2360
3645
4846
5563
4403
4370
5009
-1132
-3431
-2152
-4895
-5282
-4422
-1949
1584
2223
4779
7185
5384
4339
2708
1526
-29
-2190
-2817
-4633
-8917
-9778
-1807
-1572
-1640
4811
7332
7214
4162
1702
2530
-2491
-7825
-5526
-4868
-4593
-2328
749
5101
5814
5501
6681
3610
1080
-170
-956
-1056
-1974
-3231
-4049
-7633
-6292
1346
-782
1245
6281
5802
5383
1234
-901
-263
-5712
-7112
-3733
-2820
-449
2134
4433
6497
4027
3572
2951
-1005
-1281
-1162
-357
343
-392
-1481
-2689
-7145
-3632
1022
-1860
1920
4615
4386
3877
-568
-948
-997
-5683
-4819
-2102
-774
1844
2942
4519
4813
1759
1404
378
-1349
-718
117
1694
1876
241
-1203
-3832
-8959
-3279
-83
-1892
3127
4770
5493
3879
-1531
-1225
-2251
-6413
-4441
-1808
711
3547
3411
4450
3909
1038
191
-1413
-834
368
1118
2260
1732
-1289
-3086
-8910
-6686
539
-1635
2200
5737
5526
5195
-832
-3495
-2673
-6077
-5591
-1970
1383
5112
4841
4148
3396
170
-1047
-2605
-801
1145
2157
2987
2598
501
-2278
-7975
-11302
-1663
524
1183
5905
6651
7005
1228
-5502
-4492
-5778
-6253
-2382
1200
6240
7355
3803
2562
95
-2161
-3006
-1819
1622
3769
2918
2626
556
-2580
-8072
-12977
-2175
2565
2290
6254
6868
6855
821
-7738
-6723
-5933
-5293
-719
2888
8008
8050
2608
605
-1869
-3278
-2433
-461
2978
4935
3005
2080
-608
-3739
-10430
-13137
-54
4693
5029
6884
6361
5672
-2175
-10213
-8178
-5782
-1828
2466
4736
9450
6504
80
-2124
-3876
-2799
-478
1624
4850
5041
1750
667
-2843
-6468
-13967
-8161
5261
6565
7029
6065
4761
1787
-7671
-11533
-7006
-2354
3510
4800
6950
8189
1293
-3164
-4052
-3476
-54
2572
3820
5623
2133
202
-2321
-5625
-13228
-10659
4811
8285
7467
5688
3359
1373
-6418
-12162
-7959
-1311
4935
6073
5819
6607
1453
-3750
-4526
-3338
881
3844
3787
4664
1761
-357
-3063
-6203
-13057
-8820
6473
9408
7828
4392
1578
-638
-7463
-11925
-6881
1234
7135
6642
5391
4053
-696
-4098
-4349
-2049
3201
4433
3780
3103
156
-1130
-3900
-8922
-13995
-1584
10382
9255
6468
1974
271
-3321
-10845
-10705
-2499
5861
8057
5221
4299
1196
-3153
-4645
-3186
1745
5606
3564
2889
849
-781
-3125
-6188
-13072
-8543
8320
10919
8002
3283
-460
-1317
-7753
-12166
-6057
3699
9512
6094
3290
2007
-1894
-4354
-4068
351
6607
4746
2316
402
-427
-2691
-5850
-11018
-11533
5777
12169
8460
4234
-1024
-1520
-5649
-11677
-7559
2283
9551
7291
2692
1111
-1462
-3691
-3362
-382
6435
5787
2275
-24
-656
-2443
-6142
-12006
-11035
6764
12444
8474
3489
-1171
-1701
-6114
-11256
-6937
2925
9859
6981
2054
264
-2196
-3161
-2755
660
6687
5903
1968
-745
-694
-4416
-6392
-13018
-8084
10072
11916
8109
1519
-2713
-2185
-7252
-10313
-4272
4875
10115
5544
613
-1180
-2810
-1751
-1734
2625
6941
4921
784
-958
-2666
-5528
-10362
-12843
3163
12524
10324
4748
-2098
-2587
-4870
-9466
-6988
1413
8678
7874
2129
-601
-3052
-2896
-1388
1608
6145
5984
2134
-620
-1979
-4708
-8817
-14085
-1832
11566
11562
6570
-1069
-2759
-4003
-8603
-7929
-725
7564
8871
3114
-401
-3001
-2434
-1083
364
4817
6197
3317
-110
-4171
-4686
-8057
-12511
-314
9835
11806
6715
-2229
-3365
-4684
-7917
-6416
-187
7527
8364
3225
-1480
-3159
-1344
-576
1031
4731
5469
2413
-1597
-4628
-6052
-12181
-6380
6942
10723
9054
996
-2871
-3167
-6732
-7480
-3079
4410
8471
5076
362
-2924
-2563
-379
1199
3781
5178
3126
177
-4205
-6077
-11359
-8155
3996
9188
11364
3852
-2282
-3832
-6829
-6888
-4214
2035
8145
6848
2444
-2849
-3992
-1108
939
3630
4979
3990
1537
-4005
-6463
-11852
-8696
3569
8651
10107
4821
-404
-2560
-7163
-8151
-4333
1753
7295
6222
3322
-881
-3523
-2176
56
3596
5077
3755
1460
-3544
-6451
-12511
-7633
3819
8667
10423
3018
-1201
-2831
-6622
-6338
-4026
1757
7192
6154
2695
-2148
-3015
-799
790
3812
4138
3671
404
-4372
-9017
-12240
-2710
6600
9332
6750
1008
-808
-3843
-7234
-5973
-1917
4215
6769
4757
1374
-2114
-1940
-812
1742
4265
4028
1864
-2431
-6434
-12439
-6133
4033
7003
7881
2996
842
-1519
-6607
-6887
-3864
1446
5894
5259
3085
-315
-1468
-666
305
3017
3770
2783
-1030
-5305
-11858
-7047
1489
5208
7868
3860
2531
-399
-5382
-6496
-5356
-281
4509
4537
4154
1000
-348
-200
-394
2196
2975
2851
-247
-4697
-10609
-7139
221
4226
7037
4026
2934
106
-4301
-5682
-5191
-1437
3166
4671
4449
1282
10
-90
120
2044
2541
2379
-615
-4833
-10268
-6276
197
4220
6441
3786
3215
-118
-4194
-5565
-4983
-1083
2733
4329
4277
1749
789
-328
294
1877
2730
1747
-1554
-6795
-9878
-4213
850
5331
5475
3548
2976
-929
-4133
-5676
-4564
-228
2186
4158
3885
2081
1476
-369
896
1930
2471
764
-2537
-7753
-8577
-3111
1278
5408
4823
3928
2618
-1346
-4119
-5487
-3788
454
2609
3760
2858
2196
1207
188
1145
2129
1974
-515
-4424
-8476
-6251
-1676
2948
4672
3680
3485
1226
-1548
-4088
-4659
-1865
1067
2598
2680
2693
2260
1099
925
1300
2127
326
-2161
-6480
-7678
-4044
-30
4225
4170
3691
2502
-88
-2427
-4622
-3085
-300
1477
2748
2602
2822
1771
1121
1292
1740
870
-1189
-4398
-7346
-5946
-2392
2268
4131
4124
3319
1307
-833
-3466
-3564
-1769
245
1869
2339
2897
2513
1831
1378
1509
1113
-558
-2769
-5791
-6634
-4658
503
3334
3784
3162
1467
823
-1790
-2947
-2208
-613
1396
1656
2288
2486
2154
1658
1106
1198
263
-1368
-3922
-5681
-4695
-2007
682
2305
2687
2550
1454
-324
-1603
-1895
-844
359
1172
1900
2156
2005
1433
1063
805
229
-904
-2629
-3791
-3609
-2119
-317
983
1552
1315
758
221
-273
-501
-195
494
892
1025
953
991
914
670
374
-59
-278
-870
-1116
-1105
-1058
-569
-526
-338
-362
-427
-106
-133
-73
108
235
444
401
344
269
200
278
292
213
133
131
87
204
89
-16
-115
-354
-376
-558
-430
-190
-204
-153
-47
32
85
41
123
143
195
233
165
161
94
148
196
211
212
270
245
51
-213
-318
-321
-154
-183
-116
27
10
132
43
68
91
145
112
95
-26
-36
113
151
221
139
100
168
6
-143
-271
-194
10
-175
-81
-92
-36
35
-18
19
-66
99
126
-68
-227
-79
-21
84
171
105
176
53
-27
-44
-287
-285
20
51
56
23
172
137
-13
-189
78
119
-69
83
-190
133
59
52
64
38
108
141
105
-419
-81
-63
-186
22
176
-147
208
121
-133
151
-222
-35
-42
2
-79
-125
121
-24
-134
181
-51
49
64
-111
-73
-268
-40
-115
-105
61
144
81
-78
44
23
-210
-197
53
-140
112
24
-40
-30
185
-20
248
240
-244
118
-222
1
8
-135
-3
208
117
195
14
-183
4
-86
-70
-12
42
-30
-22
-28
34
-6
86
111
-114
-68
-91
-140
-142
-89
1
134
198
221
-47
-29
-17
-165
-84
22
40
52
-34
-20
61
83
-56
3
129
-167
1
-89
-2
-197
67
149
135
215
-29
48
-176
-1
-94
50
115
-30
-41
-49
94
-120
-11
85
-32
-48
-9
-73
-66
-60
-35
155
59
64
102
-171
62
-54
76
93
0
232
-100
-11
-24
-57
16
67
-35
-27
-28
57
-87
-102
32
107
86
11
-86
86
-47
-114
170
-77
165
144
28
1
65
15
-42
-69
-71
108
-12
0
0
-31
3
58
-111
106
-80
104
-48
-33
49
-17
16
-108
99
30
37
-63
-75
-104
-10
-106
16
-71
68
139
-196
90
-67
-39
60
-120
144
107
41
14
-4
-24
62
20
41
0
-5
79
-207
-27
-45
-52
91
-54
-19
62
-94
-108
64
-35
-3
124
-8
-24
74
-23
-67
85
19
47
-54
-43
-35
11
17
-142
82
8
-1
-11
15
-65
14
-27
25
43
-64
-42
55
-50
9
62
-25
2
-8
-56
-95
25
32
-84
-40
-13
71
-246
298
356
-235
34
-85
25
-80
-85
21
91
-41
68
31
-98
10
-5
43
31
-1
101
-74
-23
48
-63
-68
32
11
-5
-4
13
-22
16
-78
129
21
-64
26
-6
11
-11
12
-33
1
69
16
39
20
-54
0
-151
186
228
-202
-38
-94
24
53
-84
-53
24
10
-10
-33
24
26
-80
83
106
-20
-29
6
-107
-25
-38
-39
-126
-77
-15
-105
26
13
-38
-151
-26
61
36
35
9
19
-23
-2
-1
298
252
-135
-13
-46
-17
-71
-130
-19
1373
473
-320
-491
-431
230
20
-107
-357
570
559
9
-472
-288
30
46
74
43
119
-24
-128
-286
-231
-54
41
91
170
-1
178
217
181
-180
-442
-346
31
435
64
-231
-281
141
236
131
-58
-265
-373
-347
73
168
-149
-247
39
310
53
-191
-29
132
103
-170
-181
27
206
106
-11
37
127
210
-51
-241
-204
-80
97
85
73
44
-17
-111
20
237
112
-126
-182
20
206
191
50
33
109
94
16
-83
-134
-56
63
165
104
-7
-37
15
82
80
22
-26
-29
-39
-44
-31
-30
-40
-51
-61
-65
-74
-77
-75
-30
-22
-9
-12
-12
-26
-28
-11
-31
-18
-13
-1
6
-27
-34
-44
-31
-31
-24
20
6
-16
-17
11
26
21
22
47
44
17
13
32
68
42
26
43
50
41
26
31
28
32
28
20
2
9
11
2
15
43
48
13
-4
0
22
0
-21
-30
-23
-14
-29
-43
-41
-30
-19
-19
-32
-29
-34
-17
-23
-26
-13
13
21
0
-4
7
17
-3
-14
-16
-1
-2
-7
1
7
0
1
10
18
13
-3
-4
9
28
19
2
16
26
15
13
5
15
18
-2
-12
-4
2
-1
-5
-14
-3
6
0
-8
-4
13
15
6
15
21
19
3
-4
10
10
-7
-13
-13
2
7
0
-3
-8
-10
-17
-23
-19
-8
-9
-1
-12
-14
-5
-10
-2
0
0
-2
-9
-18
-10
-21
-27
-24
-17
-10
-15
-20
-22
-18
-9
-2
-5
0
2
-10
-17
-16
-8
0
-5
-10
-8
-3
-2
-19
-26
-18
-8
-10
-10
-1
-5
-4
-14
0
6
0
0
3
22
26
20
23
22
14
15
8
9
8
4
5
7
13
8
9
6
12
20
12
8
11
11
3
-1
4
7
-2
-3
-4
-9
-21
-26
-25
-12
-9
-17
-9
-13
-2
0
6
8
4
11
6
-1
4
9
7
3
5
9
4
-2
-2
-2
-4
-7
-6
-11
-7
0
0
1
9
7
15
6
2
9
8
11
2
2
7
18
7
7
2
7
9
0
3
12
14
2
-1
11
22
15
2
5
15
6
2
1
15
14
3
0
-1
2
0
-8
-7
0
-3
-4
-8
-11
-9
-5
-7
-10
-5
-2
-7
-8
-6
-4
-3
-11
-12
-4
-7
-6
-3
-8
-2
-5
-10
-1
9
9
4
-1
4
12
5
1
-2
0
4
-1
0
-4
-3
-1
5
-24
9
58
-19
-89
-27
56
53
-8
-49
-20
14
28
27
31
-3
-24
-13
1
20
5
-13
-27
-22
-3
6
0
-19
-31
-33
-9
-7
-3
-28
-27
-36
-26
-43
-27
-62
-60
-113
-91
-155
-142
-423
-160
976
1305
1093
-17
-825
-741
-264
329
285
-170
-488
-552
-123
286
373
207
-167
-375
-221
-214
53
452
454
200
-139
-325
-124
91
183
11
-327
-544
-654
-79
640
1047
142
-730
-810
-114
831
960
578
-195
-545
-407
-250
341
412
257
3
-219
33
122
131
88
-161
-147
-164
-95
-182
-387
-418
-103
567
447
312
-155
-178
156
188
213
-51
-376
-249
-90
68
220
-153
-210
-279
16
513
465
192
-267
-470
-107
53
121
-9
-287
-137
-60
185
456
339
205
-6
-73
78
70
-25
-158
-319
-262
-195
-160
-117
-224
-249
-201
-124
-4
24
-59
-62
-65
63
205
289
365
414
427
498
620
647
514
111
-122
-256
-294
-367
-802
-1386
-1847
-1655
-1075
-330
263
793
1123
1392
1303
829
368
106
192
569
949
1235
1065
542
112
-74
-458
-1035
-2660
-3579
-3256
-2217
-87
1112
1566
1585
1334
889
560
-102
-318
-251
-30
474
921
1306
1501
1351
957
623
320
103
-307
-1129
-2955
-3901
-3449
-2079
61
1314
1655
1593
1393
1134
820
38
-436
-554
-484
36
477
1021
1467
1610
1439
1132
736
367
-249
-895
-2428
-4273
-4229
-3177
-479
1582
2051
2109
1482
1214
1041
245
-662
-1114
-1253
-630
122
839
1537
1764
1817
1531
1058
808
427
-232
-845
-2293
-4332
-4374
-3228
-1116
1440
2204
2397
2080
1478
990
193
-943
-1620
-1688
-1182
-117
711
1631
2249
2299
2036
1327
682
408
37
-620
-1370
-3056
-5200
-3969
-2337
-41
2481
2304
2374
1979
1242
616
-330
-1760
-1984
-1788
-895
512
1202
2128
2538
2353
1926
1173
375
179
-344
-746
-1259
-2767
-4818
-4223
-2343
-144
2553
2572
2493
1836
1068
484
-401
-1634
-2162
-1900
-1132
594
1239
2157
2579
2415
2008
1186
306
-183
-386
-652
-872
-1739
-3624
-4736
-3146
-1161
1692
2738
2425
1858
1013
704
5
-898
-2055
-2007
-1599
-65
1243
1853
2588
2408
2135
1371
541
-96
-269
-322
-435
-784
-1644
-3766
-4523
-2687
-569
1803
2411
1936
1414
1053
626
-20
-1063
-2081
-1817
-1193
215
1513
1759
2399
2337
1936
1261
193
-269
-260
-42
-25
-361
-1359
-3228
-4517
-3078
-829
1141
2003
1495
1355
1301
969
315
-813
-1797
-1784
-998
15
1179
1494
1725
2119
1868
1442
421
-267
-287
-32
289
-13
-684
-1841
-3861
-4082
-1800
-67
1340
1392
773
1334
1143
757
185
-1028
-1412
-957
-241
598
1104
1142
1506
1783
1473
860
-21
-407
-96
227
342
16
-607
-1574
-3117
-3091
-1463
-153
697
469
160
731
925
718
409
-267
-434
-60
281
588
640
470
531
647
500
215
-161
-271
9
360
358
239
216
84
-259
-844
-1131
-854
-475
-421
-656
-834
-667
-245
124
282
233
100
120
291
404
310
167
160
347
581
550
416
452
581
737
723
478
257
9
-244
-519
-896
-1073
-956
-821
-800
-907
-924
-631
-234
81
135
27
-50
88
435
678
689
641
689
864
1004
927
714
486
312
258
276
92
-120
-166
-164
-464
-934
-1036
-933
-919
-1093
-1223
-1018
-706
-405
-59
117
197
356
535
844
975
841
792
822
856
748
461
230
129
50
14
132
366
506
465
266
-293
-935
-1136
-1120
-1308
-1546
-1656
-1530
-1049
-373
181
483
529
457
572
783
844
827
798
822
934
913
811
699
644
629
614
554
419
194
-31
-556
-1449
-1814
-1758
-1871
-1981
-2135
-1836
-909
-123
484
741
767
826
799
993
1091
892
868
828
1017
1191
939
772
592
446
451
337
258
77
-199
-759
-1703
-1931
-1769
-1912
-1918
-2077
-1731
-765
-77
583
781
714
725
680
967
1115
943
970
930
1205
1373
1047
824
537
364
340
213
234
70
-165
-761
-1734
-1807
-1658
-1820
-1838
-2096
-1701
-754
-130
554
713
701
757
730
1072
1177
1015
1035
927
1156
1192
837
638
355
192
192
189
370
320
136
-462
-1523
-1723
-1608
-1808
-1865
-2147
-1874
-945
-325
429
830
895
930
786
979
1122
983
1000
909
1031
1038
701
588
450
356
322
233
429
504
352
-37
-1191
-1880
-1817
-1991
-1994
-2052
-2025
-1145
-461
163
736
850
985
855
778
874
752
868
1023
1116
1255
888
569
472
387
436
359
337
483
366
213
-433
-1559
-1857
-1863
-2112
-2070
-2047
-1517
-511
-83
276
476
529
696
749
923
980
842
891
976
1183
1224
780
484
280
193
259
260
409
580
460
233
-569
-1502
-1614
-1765
-2168
-2275
-2278
-1514
-425
26
403
489
538
742
854
1005
1010
883
932
1026
1191
1078
638
372
197
206
313
346
522
670
505
213
-719
-1600
-1643
-1894
-2352
-2427
-2362
-1440
-337
99
513
604
654
834
922
1047
1018
910
982
1040
1204
1065
640
391
188
188
290
326
526
666
478
147
-843
-1677
-1653
-1911
-2339
-2380
-2270
-1293
-204
139
491
541
550
740
853
988
1023
953
1035
1102
1236
1051
592
359
167
158
269
298
509
678
474
179
-809
-1647
-1603
-1853
-2263
-2275
-2232
-1302
-271
42
437
518
559
786
885
1023
1080
924
1004
1055
1108
949
523
297
166
135
242
339
555
775
613
323
-543
-1469
-1551
-1703
-2153
-2280
-2271
-1543
-410
6
385
512
482
689
851
942
1039
915
948
1013
1045
976
622
340
172
90
212
362
535
779
694
426
-309
-1374
-1579
-1608
-2063
-2256
-2288
-1817
-631
-106
226
459
380
541
770
867
1063
1040
1006
1049
1011
981
749
478
274
112
150
302
498
771
786
494
-148
-1312
-1690
-1443
-1591
-1749
-1951
-2075
-1378
-855
-260
408
564
706
648
778
1072
1276
1419
1187
933
680
434
453
347
334
299
285
469
618
762
562
101
-912
-1775
-1408
-1166
-1278
-1835
-2421
-2108
-1324
-353
339
740
635
381
634
1030
1605
1696
1254
725
358
307
430
625
557
342
118
160
467
814
860
402
-312
-1558
-1699
-1137
-1001
-1379
-2186
-2408
-1966
-864
-86
570
641
400
461
813
1426
1720
1550
898
520
307
456
622
668
462
205
165
341
704
878
626
101
-984
-1783
-1288
-912
-1029
-1845
-2396
-2368
-1443
-421
293
671
487
404
607
1226
1633
1783
1189
660
310
302
463
640
573
268
138
151
535
817
896
439
-233
-1487
-1577
-1035
-805
-1348
-2183
-2506
-2181
-997
-196
502
478
411
342
849
1442
1852
1613
925
510
256
420
510
656
406
263
61
301
639
967
837
354
-564
-1618
-1346
-880
-730
-1608
-2277
-2578
-1945
-874
36
450
346
341
337
1020
1601
1909
1461
909
405
277
441
599
593
373
149
45
391
731
1021
754
271
-799
-1577
-1201
-694
-785
-1746
-2386
-2597
-1821
-761
104
335
286
229
380
1136
1761
1956
1441
853
361
301
455
609
543
286
13
0
375
762
967
709
205
-906
-1617
-1144
-587
-759
-1781
-2425
-2567
-1817
-732
108
322
283
225
402
1198
1838
1986
1463
868
347
294
456
617
520
257
4
6
411
756
949
689
217
-913
-1558
-1036
-504
-725
-1772
-2372
-2563
-1809
-755
79
255
224
139
320
1201
1892
2048
1496
941
366
316
468
647
531
204
-97
-112
327
707
928
693
234
-880
-1541
-983
-407
-600
-1658
-2321
-2556
-1893
-831
3
232
139
96
222
1088
1876
2109
1618
1019
444
275
465
655
593
214
-111
-168
240
652
924
762
307
-733
-1572
-1014
-377
-405
-1486
-2217
-2533
-2059
-976
-107
213
43
30
37
896
1769
2125
1720
1122
583
282
466
692
725
301
-80
-211
164
590
861
761
322
-664
-1578
-1031
-318
-294
-1379
-2143
-2473
-2116
-1049
-168
195
-20
-57
-113
711
1705
2146
1758
1148
645
280
474
724
844
399
-59
-282
57
553
842
767
292
-666
-1633
-1067
-286
-175
-1235
-2027
-2367
-2116
-1036
-155
229
-51
-112
-213
520
1564
2086
1795
1174
674
266
474
745
911
495
7
-267
-21
486
826
835
428
-443
-1894
-1347
-667
-581
-1377
-1964
-2306
-2135
-391
979
1871
1461
786
-839
-1213
-610
39
647
1105
1325
1041
1570
1722
1526
570
113
-165
438
1033
941
204
-1595
-4681
-7262
-3791
885
4703
5041
3129
-676
-3467
-2784
-2000
-183
641
1080
-33
974
2024
1630
718
-288
-1345
-1924
-218
637
1224
1198
648
-64
621
1760
1938
2244
1123
-1561
-6543
-8036
-2678
3160
6463
4378
-416
-5202
-5105
-1813
1027
2801
2057
404
-927
253
769
657
-1
-563
-164
1439
2687
1873
2
-1639
-1328
301
2570
2997
2017
-1146
-4923
-9104
-5334
3292
7612
6708
584
-4797
-7275
-2642
862
2527
1942
896
-89
-2
595
-911
-1111
-824
931
2273
3601
1699
-881
-2512
-1587
803
3373
3934
2259
-577
-4165
-7845
-8590
595
6933
8376
3041
-3282
-7576
-5445
-106
1773
2826
1939
1809
143
-16
-1819
-1914
-875
1426
3114
3173
1514
-1250
-2231
-1325
1382
3136
3757
1863
-82
-3101
-5939
-9735
-3053
6108
9250
5664
-2195
-7268
-7488
-958
1705
2939
2171
2180
609
-414
-2136
-2693
-986
1573
3725
3435
1679
-1491
-2317
-1357
1524
3191
3456
1736
-45
-2869
-6152
-10508
-2939
7151
9919
5182
-3136
-7843
-6994
-295
1599
2276
2053
2964
1294
-460
-3062
-3236
-892
2643
4332
3125
779
-1824
-2194
-685
2185
3548
2900
1105
-893
-3522
-7937
-9976
1066
9207
9488
1849
-5238
-8011
-4202
764
877
1365
2688
3706
1136
-1682
-4023
-2582
697
4202
3918
2092
-428
-2041
-1753
735
3029
3455
1924
364
-2335
-5326
-10832
-4946
6940
10547
5572
-3236
-7074
-5960
-428
372
226
1867
4496
2938
-892
-4060
-3501
-791
3246
4185
2673
795
-1280
-2180
-307
2494
3530
2376
1034
-2046
-4971
-10538
-6667
5897
10548
6574
-2477
-6431
-5680
-881
-364
-623
1803
5170
3690
-992
-4460
-3296
-493
2935
3942
2431
1220
-779
-2030
-730
2328
3523
2320
1179
-2020
-5814
-11053
-5034
6847
10053
5097
-3052
-5812
-4243
-858
-1646
-1046
3014
6104
3103
-2255
-4624
-2603
328
2795
3001
2613
2107
-768
-2352
-653
2750
3376
2374
-181
-3930
-9287
-9208
2236
9085
7368
176
-4294
-4259
-1943
-1834
-2847
941
5870
5284
-196
-4034
-3296
-616
1271
2016
2916
3888
1017
-2366
-2060
1343
3033
2952
562
-3322
-8558
-9604
1276
8270
7130
674
-3415
-3473
-2122
-2253
-3178
602
5821
5268
209
-3397
-2861
-373
933
1449
2885
4072
1283
-1868
-1655
996
2188
2337
-461
-4199
-9285
-6027
4145
7321
4346
-1016
-2778
-2249
-2012
-3439
-2668
2548
6072
3279
-854
-2815
-1907
-223
851
2281
3784
3067
1
-1740
-191
1052
1615
-646
-3832
-8725
-4996
4583
6312
2997
-1190
-2052
-1611
-1987
-3470
-2373
2456
5206
2742
-322
-1824
-1089
134
124
1425
3617
2884
225
-1113
-294
724
1689
-355
-4065
-8551
-4305
4346
6311
2936
-1443
-1940
-1259
-2106
-3491
-2293
2242
5274
2800
-321
-1658
-1143
116
644
1848
3074
2497
390
-571
-232
599
649
-1188
-5750
-7684
-714
5111
4661
1184
-1229
-936
-1369
-3221
-3680
-1295
3010
4184
1979
413
-671
-934
-477
558
2437
3008
1803
376
-434
-85
276
-537
-2662
-6782
-4625
1626
4668
3547
226
-881
-650
-1889
-3052
-3115
-732
2664
3068
1925
820
-32
-87
-179
520
2005
2154
1795
752
-80
110
-615
-2032
-5035
-5513
-1052
2668
3443
1873
161
8
-713
-2003
-2621
-2422
-347
1712
2144
2033
1398
1090
942
322
586
908
1581
1551
652
118
-883
-2642
-4829
-4746
-1597
1827
2776
1824
866
353
-503
-1696
-2260
-1822
-723
904
1443
1453
1603
1485
1712
1084
639
587
735
757
327
-84
-800
-1795
-3352
-3722
-2034
288
1434
1317
1001
683
-66
-884
-1337
-1276
-775
193
705
935
1204
1604
2023
1569
890
237
119
185
311
191
-356
-987
-1950
-2937
-2439
-382
507
755
431
165
234
-313
-759
-846
-451
400
681
599
841
873
1161
1141
909
814
465
129
-211
-228
23
-43
-516
-1205
-1692
-1661
-1203
-533
63
563
576
91
-411
-696
-374
149
533
721
697
544
553
705
970
752
484
226
-15
-33
-2
78
9
-401
-804
-874
-1023
-1083
-893
-419
-14
169
-114
-87
-74
47
171
266
523
636
601
441
594
339
559
214
189
54
-91
283
106
178
-14
-293
-378
-521
-816
-939
-634
-187
201
-68
-205
-116
-118
-110
-48
-1
277
348
243
410
363
397
348
373
347
404
298
268
42
-108
-167
-140
-413
-526
-906
-524
-625
-278
-103
-332
106
-98
393
141
-13
208
357
249
-62
118
333
494
-294
286
10
61
507
-111
-141
224
270
-324
-160
-294
29
-58
-536
73
-490
-90
252
-279
60
31
-29
-100
-23
318
-455
-222
493
666
-353
-214
877
-31
-532
462
426
-146
200
-282
-234
184
-137
-161
-128
200
-328
-52
159
10
-42
133
190
-214
-133
166
-119
65
-111
168
-56
109
306
-310
-449
364
120
-387
354
-240
-331
50
248
-132
-52
206
234
-372
146
-121
159
119
-207
77
-236
-328
117
158
-208
171
101
249
-237
41
46
174
-26
-211
-2
160
131
-61
-55
145
29
-296
68
0
164
-65
65
159
-104
46
-331
264
391
-360
135
424
-169
48
-228
-111
41
-360
-29
-190
178
287
-573
-2
751
-235
-495
-27
407
-9
-561
469
-106
-150
-261
46
-32
95
421
-312
116
-241
-6
423
-428
-306
408
-71
131
-47
416
359
-317
22
83
20
-42
-123
306
0
41
-51
-108
92
-149
43
-90
453
-83
-239
-47
372
6
-217
-99
-132
142
-238
177
47
105
-86
-132
-26
-173
193
-317
33
-86
-56
-46
-443
242
-144
-27
111
46
53
136
-301
-275
396
-54
-141
92
-96
89
198
80
294
228
77
-138
41
45
89
-278
-79
320
9
-118
-70
-119
422
293
-424
262
-148
234
4
-618
540
40
-234
145
47
2
174
-194
353
110
72
-109
-334
111
421
-101
-289
-345
25
431
-19
-230
-129
133
162
-168
-193
129
-182
-288
0
93
93
58
-96
-220
-241
-435
-396
-86
346
483
213
19
-192
-136
88
34
-36
-1
122
-51
-198
-137
41
231
-24
-201
-179
65
207
71
-27
-105
-80
-103
-149
-124
-23
53
102
190
166
112
95
76
84
55
-14
-79
-61
43
110
115
21
-32
10
67
54
26
19
-12
2
44
35
-5
-45
-14
58
55
8
-33
-11
73
73
3
-71
-56
-6
30
26
-21
-36
-30
-19
-21
-38
-69
-81
-52
-20
-31
-62
-66
-29
0
19
33
19
8
-6
0
12
-23
-12
-11
1
16
-10
-8
-5
-11
-35
-19
-17
-34
-30
-41
-24
-20
-12
0
-23
8
17
26
19
34
36
53
34
-9
-11
12
53
26
46
44
12
-6
-2
10
6
10
-22
-5
5
7
3
-8
14
20
35
22
11
9
23
28
13
11
0
8
-1
11
16
17
0
-16
-22
-17
-26
-41
-36
-32
-31
-37
-34
-22
-18
-22
-11
1
17
5
-1
3
10
2
-1
12
21
31
38
34
31
21
20
29
19
8
4
2
-3
0
6
3
-1
2
12
17
7
-3
5
8
26
13
-6
0
11
19
21
8
8
27
18
0
-9
-9
1
-1
-20
-22
-25
-10
-14
-19
-18
-3
-14
-16
-14
-12
-11
-8
-5
-12
-5
-5
-10
-6
-5
-19
-22
-31
-32
-36
-38
-30
-20
-13
-15
-27
-23
-20
1
-4
-11
-10
-3
7
-10
0
6
16
15
4
4
14
10
-1
8
7
9
-7
-20
-16
-9
2
-9
-7
-8
14
9
-10
-16
-6
5
-1
-6
8
19
19
1
14
28
19
5
19
18
-1
36
26
-6
-15
2
1
-17
-25
5
12
0
-1
0
-4
-20
-9
11
19
0
-8
5
10
-3
-6
0
0
-2
-16
-12
-12
-11
-21
-19
-23
-24
-29
-24
-17
-22
-5
-4
0
-8
-14
-5
7
5
11
9
17
17
4
7
7
2
3
12
2
0
-2
2
0
5
5
0
1
-7
-9
9
32
27
-32
-28
62
74
-9
-19
58
72
-5
-20
41
38
-15
-17
28
26
-13
-9
12
10
-3
-3
0
5
0
0
3
10
-4
-15
-19
-13
-8
-3
3
4
0
0
4
-1
-5
-1
1
-3
-3
-2
-4
4
0
0
-8
-1
-3
-8
-1
-1
-1
-1
-2
-6
-5
-3
0
-1
-2
1
0
-4
-3
0
-1
-4
-8
-3
-2
-8
-6
-3
10
4
-6
0
8
8
6
1
5
13
4
3
2
5
7
3
-3
-7
-6
0
-5
-8
-6
0
0
-5
-1
5
4
-6
-6
0
-1
-4
-8
-6
-7
-3
-7
-14
-12
-11
-2
-11
-14
-13
-17
-12
-8
-13
-18
-7
4
4
2
3
8
14
5
1
0
3
5
0
-2
0
0
2
-1
-3
-2
-2
-3
-3
-6
-6
-10
-5
0
-7
0
2
14
17
13
12
13
14
11
12
9
11
5
6
3
3
1
1
2
-2
-2
-5
-1
-3
-5
-5
-5
-6
-3
-5
-5
-3
-5
-11
-5
-4
-3
-3
-3
0
0
1
-4
4
-2
-7
-11
-13
-7
-6
-11
-14
-12
-26
-21
-29
-22
-40
-41
-52
-38
-57
-50
-116
-92
-69
232
801
296
-290
-94
35
-42
-19
-69
120
221
-8
-133
-46
-24
-131
-220
-396
-727
379
691
-52
-237
-700
213
1235
260
-301
38
107
167
-171
-300
288
511
25
-185
-6
8
-106
-196
-274
75
-40
-298
-116
21
51
77
-111
40
63
-556
-210
294
434
252
-335
-133
243
86
-83
-251
199
179
-73
-200
-106
192
-44
-474
-204
351
192
-467
146
625
172
94
-481
39
529
-191
-348
200
210
201
16
-46
433
316
-162
115
416
355
243
-89
43
144
-111
-319
-619
-613
-598
-1122
-1190
-730
-402
-4
183
480
955
826
359
203
299
449
529
640
1092
1173
813
443
353
358
172
-557
-1202
-3063
-4544
-2828
-664
265
648
1634
3118
2438
-164
-1497
-1250
-708
-1094
-1899
-942
1593
2699
1840
1144
1108
1064
527
-12
599
1365
923
-10
-36
-146
-1172
-4602
-6508
-2268
2367
2147
857
1953
3503
1872
-2133
-3615
-2211
-777
-634
-915
503
3045
2747
420
-585
-218
103
-232
-347
854
1938
1460
692
980
1651
1507
-35
-1780
-5242
-7915
-3623
1596
2737
2687
3227
3495
1368
-2167
-3725
-3651
-2001
299
619
1363
3133
2607
422
-1289
-1569
-902
-377
274
1161
2473
2341
550
-221
1072
1986
1013
-880
-1847
-5294
-7951
-3312
2370
3920
3495
3505
3066
428
-2900
-4498
-4624
-1930
1270
1749
2325
3426
2305
-296
-2132
-2279
-1391
-341
1037
1805
1887
1922
570
-244
781
1989
1616
209
-1020
-1953
-6435
-8654
-2015
4578
5735
3338
2026
1877
-573
-3611
-5230
-4845
-239
3711
2965
2150
2158
943
-1196
-2731
-2403
-1382
231
1909
2034
1757
1350
-54
-209
1206
2276
1732
307
-629
-1362
-4781
-9705
-5805
3797
7949
5074
1882
1424
-194
-3232
-5324
-5913
-2109
4056
5277
2636
988
584
-680
-2359
-2736
-1925
-169
2549
2921
943
-59
197
521
1256
1944
2122
942
-97
-1023
-2061
-6898
-10283
-2495
7472
8933
3382
539
497
-1589
-4091
-5741
-5490
264
6484
5998
1710
-704
-821
-1515
-2576
-2545
-1478
1269
4029
2759
-392
-1268
18
1296
1995
2138
1668
299
-126
-880
-1714
-6582
-10951
-2861
8262
10037
3312
-578
-438
-1878
-3586
-5287
-5884
15
7382
7249
1691
-1941
-2026
-2245
-2395
-1652
-939
1775
4643
2882
-1384
-2514
-336
1621
2595
2582
1428
111
-49
-241
-1123
-3471
-10301
-7726
4565
11196
6546
-325
-1656
-2086
-2482
-2548
-5350
-3575
4711
8595
4227
-1758
-3316
-2872
-1649
-291
-938
-58
3528
4233
-137
-3163
-1571
1227
2633
3048
1576
348
-108
219
-300
-1120
-5064
-11374
-5143
7273
11182
4801
-621
-2530
-3659
-2118
-2145
-4152
-1468
5107
7185
2606
-1867
-3689
-3788
-1005
948
358
713
2587
2213
-897
-1992
-821
1212
2962
3165
1312
-107
-548
159
-225
-955
-6879
-11523
-2282
9433
10666
3480
-1370
-4020
-4077
-1374
-1654
-3417
-308
5601
6355
1733
-2350
-4725
-3982
-121
1882
1154
777
1725
1115
-1074
-1653
-652
1602
3354
3044
867
-566
-386
336
931
104
-3400
-10412
-8314
3251
10762
7960
1460
-3093
-4735
-2019
-728
-3220
-3415
2282
6849
5163
345
-4027
-5567
-2355
1150
1622
1002
1472
1692
112
-1696
-1798
429
3261
3627
1733
-347
-614
-193
1115
878
-1030
-6195
-11149
-4678
6787
11164
6077
-43
-4350
-4755
-1743
-1075
-3085
-1695
3912
6408
3772
-904
-4936
-5192
-1121
2408
2192
821
668
469
-446
-1164
-584
1298
3310
3098
927
-845
-637
377
1458
556
-1301
-5823
-10524
-5066
5931
10850
6910
905
-4539
-5690
-2347
-642
-2408
-1638
3098
5656
4293
272
-4365
-5632
-2067
1715
2242
1378
978
362
-429
-758
-366
1067
2948
2750
713
-762
-390
521
1388
748
-932
-5470
-10715
-5818
5200
10789
7812
1709
-4666
-6353
-2571
-272
-1924
-1439
2494
4851
4454
1111
-3724
-5819
-2973
918
2560
2524
1171
-266
-663
-645
-574
874
3031
2869
941
-594
-529
484
1493
757
-987
-4189
-9795
-7330
2959
9897
8737
3684
-3057
-7053
-4352
-626
-795
-875
1622
3375
4048
2532
-1747
-5368
-4501
-820
2116
3421
2351
165
-917
-1088
-954
571
2563
2887
1525
163
-663
-124
901
1182
-208
-1948
-7341
-9949
-2308
7224
10109
7117
575
-6201
-6397
-2362
-814
-1084
723
2501
3647
3849
842
-3649
-5116
-3061
0
2841
3712
1715
-556
-1363
-1489
-255
1906
2903
2219
1156
-168
-785
105
1144
762
-443
-3396
-9507
-8110
1429
8875
9816
5847
-1849
-7472
-5875
-2173
-632
563
1743
1950
2969
3160
329
-3192
-4496
-3314
-265
3048
3780
2184
55
-1789
-2455
-593
1989
3332
2955
1447
-622
-1070
-161
793
521
-481
-4440
-9873
-6329
2955
9171
9590
5065
-3103
-7822
-5789
-2204
74
1751
1760
1135
2322
2877
732
-2216
-3946
-3806
-1150
2428
3801
2877
682
-1723
-2280
-412
1611
2742
2669
1549
33
-285
-256
25
-193
-970
-5554
-9470
-4584
3911
9287
9590
4527
-3816
-7712
-5989
-2846
106
2244
1911
1357
2585
2827
806
-1777
-3817
-4349
-1923
1781
3778
3606
1494
-1181
-2117
-850
739
2043
2519
1998
878
268
-537
-729
-825
-1318
-5219
-8510
-4384
2883
8352
9711
5665
-2293
-6965
-6822
-4335
-828
2124
2328
1816
2539
2728
1487
-411
-2794
-4528
-3496
-413
2376
3721
2997
899
-624
-802
-507
293
1321
1941
1857
1517
365
-662
-1307
-1693
-3673
-7303
-5778
-158
5545
8754
8044
2309
-3953
-6609
-6308
-3715
22
2020
1875
2306
3013
2716
1554
-424
-3165
-4562
-3510
-1068
1710
3690
3609
2149
640
-554
-1182
-682
317
1305
1973
1888
761
-482
-1658
-2781
-5657
-6630
-3264
1539
5828
7967
6238
1387
-2767
-5254
-5543
-3810
-1344
11
1364
2959
3887
3661
2467
86
-2569
-4066
-3990
-2640
-426
1883
3336
3838
3177
1529
-134
-1122
-1455
-931
161
1025
1223
933
-99
-1737
-4548
-5532
-3394
-52
3167
5321
5064
2473
-1
-1931
-3122
-3257
-2531
-1983
-940
610
2024
3037
3571
2725
713
-1313
-2668
-3271
-2720
-1429
53
1890
3246
3528
2879
1687
142
-966
-1435
-1358
-807
9
232
-408
-2189
-3868
-3144
-1056
1247
3071
3770
2598
899
-480
-1488
-1922
-1640
-1399
-1379
-942
-103
885
1788
2356
1984
1015
-85
-1015
-1642
-1607
-1151
-375
549
1511
2118
2258
1889
1090
191
-465
-694
-713
-793
-1043
-1761
-2915
-2832
-1745
-164
1471
2753
2708
1828
855
-124
-803
-1062
-1149
-1307
-1074
-844
-551
-77
708
1202
1420
1280
739
26
-413
-712
-785
-360
205
670
1048
1265
1052
828
586
245
-168
-392
-617
-958
-1709
-2234
-1976
-1283
-268
637
1223
1189
923
576
258
17
35
46
-106
-406
-701
-787
-585
-81
359
596
575
361
56
-46
34
180
348
466
455
435
478
514
503
398
263
148
31
-203
-434
-721
-1124
-1266
-1199
-948
-496
9
237
279
275
168
137
245
336
240
118
-60
-174
-120
22
112
129
34
-76
-149
-126
36
274
455
472
392
319
305
346
409
374
262
133
79
107
105
-40
-429
-941
-1186
-1164
-893
-478
-98
65
78
37
-36
-10
120
274
355
371
235
81
49
85
35
-20
-83
-180
-206
-156
-44
186
346
357
324
333
319
269
225
240
344
459
474
373
200
-44
-277
-577
-813
-874
-806
-663
-444
-214
-141
-152
-171
-167
-82
136
330
414
398
252
40
-62
-32
-6
-3
-64
-188
-269
-113
157
387
491
373
141
64
187
320
409
421
344
227
198
213
186
71
-111
-502
-847
-947
-879
-646
-344
-174
-187
-175
-162
-80
109
346
445
468
382
173
-34
-146
-240
-282
-203
-116
-42
-4
-11
33
222
360
389
328
241
194
232
295
390
505
486
376
228
102
-36
-180
-398
-718
-880
-946
-888
-638
-293
-82
34
42
-12
84
331
555
593
477
137
-223
-446
-444
-329
-196
-150
-117
-58
35
194
362
453
427
328
246
268
336
439
442
365
241
165
133
82
5
-142
-453
-913
-1154
-1174
-961
-563
-169
100
301
403
346
312
323
347
351
303
94
-131
-319
-425
-407
-288
-186
-131
-83
-64
50
368
640
748
720
482
241
85
28
147
325
414
397
319
147
-20
-189
-565
-1127
-1413
-1472
-1263
-678
-44
387
636
617
396
336
362
424
483
426
113
-206
-541
-752
-727
-559
-376
-143
49
190
448
740
971
1030
842
453
99
-134
-158
18
272
409
442
333
109
-178
-486
-887
-1360
-1534
-1455
-1084
-473
141
586
850
847
633
473
342
283
259
146
-131
-392
-642
-770
-664
-434
-162
94
276
372
465
569
669
735
658
447
226
43
-9
95
250
386
459
421
260
15
-324
-843
-1547
-1857
-1826
-1376
-560
248
807
1090
996
650
426
238
152
160
75
-207
-467
-758
-867
-682
-358
-3
329
500
504
502
467
521
597
586
494
308
109
41
98
220
423
542
522
348
24
-385
-885
-1622
-1977
-1974
-1571
-718
203
875
1289
1313
949
644
334
133
40
-85
-375
-596
-846
-924
-724
-384
18
408
560
565
568
547
585
632
549
399
229
54
48
153
268
343
357
273
112
-167
-518
-917
-1546
-1842
-1774
-1342
-490
409
1072
1417
1348
865
439
41
-159
-205
-225
-368
-466
-638
-683
-486
-178
183
523
618
514
376
165
135
176
222
275
296
237
298
373
505
625
648
538
346
23
-311
-656
-1094
-1846
-2089
-2008
-1488
-435
573
1298
1684
1529
959
528
47
-130
-171
-249
-468
-614
-906
-895
-641
-229
281
676
772
755
611
427
408
369
330
281
176
92
196
287
430
470
368
141
-145
-535
-863
-1317
-1771
-1742
-1494
-834
123
913
1401
1573
1184
666
211
-197
-357
-360
-432
-491
-538
-636
-488
-215
128
505
700
571
368
103
-107
-66
31
153
238
225
231
341
447
628
730
735
612
359
12
-282
-636
-927
-1555
-2036
-1981
-1716
-768
328
1206
1702
1748
1150
624
118
-209
-256
-294
-451
-603
-827
-983
-720
-355
164
595
731
658
529
305
312
373
388
407
277
147
165
270
421
574
513
345
45
-315
-695
-1044
-1593
-1782
-1630
-1183
-283
572
1198
1480
1337
815
379
-66
-256
-291
-351
-474
-594
-753
-701
-397
-36
414
672
682
432
129
-134
-196
-55
150
332
463
491
501
546
606
670
611
462
213
-84
-380
-721
-1026
-1527
-1875
-1733
-1346
-470
524
1243
1608
1513
946
430
-17
-319
-354
-426
-564
-694
-819
-813
-451
-22
441
778
761
536
232
-87
-193
-91
52
260
371
374
442
472
533
628
626
530
361
45
-265
-573
-842
-1217
-1736
-1699
-1399
-688
302
1062
1437
1430
932
335
-27
-315
-308
-288
-383
-567
-702
-777
-504
-58
375
729
732
495
226
-26
-123
18
84
196
285
242
319
433
518
647
671
536
381
102
-207
-512
-836
-1302
-1909
-1915
-1631
-838
302
1171
1675
1685
1148
481
51
-332
-345
-378
-527
-707
-852
-875
-500
38
537
934
914
577
158
-197
-336
-188
0
259
370
382
371
425
501
622
638
528
355
72
-222
-501
-748
-1025
-1574
-1748
-1541
-1051
-13
880
1463
1586
1215
527
87
-269
-358
-288
-395
-551
-709
-749
-533
5
448
811
845
536
103
-248
-419
-303
-46
175
399
447
477
503
539
563
586
469
308
126
-123
-327
-555
-746
-1098
-1516
-1501
-1230
-543
398
1086
1409
1289
764
201
-106
-314
-284
-296
-445
-625
-716
-615
-230
281
621
763
558
186
-172
-386
-377
-197
-2
150
300
379
509
633
646
627
512
327
178
62
-93
-234
-438
-646
-895
-1315
-1388
-1152
-591
245
917
1207
1124
728
213
-40
-183
-208
-241
-415
-637
-709
-565
-223
275
566
623
432
114
-183
-256
-172
-94
69
133
213
355
498
594
629
549
428
306
155
59
-89
-273
-484
-647
-875
-1187
-1248
-968
-373
397
992
1168
957
481
-6
-247
-291
-251
-259
-399
-570
-572
-353
19
438
621
510
246
-99
-286
-233
-99
26
107
71
99
246
423
615
663
536
368
224
131
133
83
-57
-245
-437
-594
-654
-935
-976
-784
-484
117
538
761
714
511
151
1
-91
-177
-229
-385
-483
-449
-259
-25
265
339
282
105
-49
-76
-27
80
138
224
250
307
365
416
462
423
346
231
145
79
5
-156
-296
-455
-539
-845
-1026
-866
-610
-3
414
655
629
475
188
44
4
-110
-123
-294
-394
-413
-232
-54
167
259
172
80
-53
-60
-17
83
141
219
228
262
310
345
390
363
314
219
149
35
-72
-185
-262
-317
-368
-519
-801
-710
-593
-245
171
359
386
251
117
0
79
35
22
-76
-164
-178
-105
31
112
178
44
-27
-74
-81
40
82
47
81
132
206
354
362
346
319
267
224
175
82
-7
-48
-152
-184
-232
-338
-485
-669
-623
-507
-218
77
197
216
124
54
57
101
52
44
-49
-86
-63
0
66
80
33
-53
-19
25
64
67
23
62
97
160
261
279
269
241
223
186
139
88
-16
-91
-178
-194
-212
-298
-454
-560
-463
-299
-10
126
152
98
18
0
23
70
24
-14
-55
-18
67
106
52
60
29
32
96
38
24
85
57
126
188
143
210
194
177
172
106
81
44
-72
-143
-193
-234
-241
-299
-427
-403
-247
-111
97
102
56
70
-9
44
48
25
7
4
-2
63
129
50
34
3
6
92
56
39
51
62
87
124
115
131
146
91
114
102
68
79
43
-54
-105
-139
-182
-205
-289
-340
-327
-219
-70
1
3
3
-3
5
-8
3
36
23
51
106
73
79
86
73
101
93
121
141
172
129
151
125
44
130
41
34
32
8
-60
-89
-58
-90
-48
-75
-145
-224
-215
-228
-163
-130
-116
-64
3
26
17
22
-29
-11
-23
-32
12
45
54
121
85
89
91
74
102
75
87
51
111
96
78
95
24
70
31
-3
-20
-101
-31
-53
-155
-56
-120
-111
-164
-134
-97
-61
-29
-57
-15
-37
-46
-12
-16
-20
-3
-54
-22
-2
22
-18
60
104
51
60
47
39
135
25
47
134
71
65
120
79
28
56
-25
8
85
-73
79
23
-90
-3
-59
-51
-48
-81
-164
6
-51
-125
-45
-84
-111
-56
19
-69
32
-78
-93
87
-109
-35
36
-82
6
40
-43
-14
31
-73
103
46
-37
196
-66
188
85
-79
376
-22
120
24
9
137
47
124
-183
200
-26
-97
361
-347
189
-11
-279
328
-167
-105
-1
-44
-60
214
-118
-282
267
-247
-100
254
-403
98
61
-267
133
112
-372
133
-61
-40
201
-61
-160
123
188
-200
317
-105
26
233
-346
116
396
-427
372
-358
87
269
-112
26
-290
274
-109
201
-248
85
-18
-83
189
-233
88
-52
-248
255
-212
-26
64
-54
-39
-5
-6
-96
70
-169
184
-160
0
15
-34
147
-237
149
-12
199
-89
-165
310
-183
173
7
-206
262
0
-114
97
-34
9
319
-264
112
119
-44
107
-178
51
-48
98
-111
-34
135
-121
173
-47
-3
54
-160
85
138
-84
-105
-36
-17
130
-63
-65
-58
-43
21
2
-48
-128
110
-167
249
-268
123
60
-250
290
-315
197
130
-217
103
-90
-79
314
-274
109
-40
-6
210
-224
158
-44
-15
30
-83
109
-38
-90
126
-186
251
-116
-106
284
-426
389
-82
-213
427
-507
338
26
-242
296
-277
104
135
-265
241
-187
85
14
-64
119
-169
209
-116
154
-129
-5
214
-130
136
-148
-44
196
-173
99
-56
53
-42
-13
115
-213
207
-168
48
99
-225
259
-134
-81
140
-10
-214
225
-152
162
-144
14
-14
-39
93
-244
326
-339
199
-121
101
-102
74
-122
26
49
-115
254
-240
124
17
-57
179
-151
11
94
-133
149
-125
121
-138
157
-94
54
1
-69
115
-77
139
-92
26
-6
82
-34
-69
129
-110
104
-40
-69
250
-214
106
-137
-27
326
-296
118
-55
-155
291
-227
-4
144
-185
174
-78
-92
-30
116
-185
130
-48
-149
191
-243
180
-132
75
-93
79
22
-72
17
32
-39
152
-148
74
61
-24
74
-83
127
-119
205
-201
137
-47
59
30
-74
37
-55
55
-27
-16
-8
39
-161
163
-118
-2
100
-254
213
-121
7
85
-221
122
0
-77
122
-117
-30
167
-159
104
-11
-72
200
-187
95
81
-210
256
-187
103
65
-208
253
-206
46
114
-265
342
-256
61
161
-380
446
-243
-23
200
-356
295
-104
-53
121
-206
123
-67
74
-86
20
-47
54
-37
64
-60
-64
183
-294
318
-151
20
93
-193
195
-53
47
-43
22
19
-34
101
-95
24
29
-63
113
-138
42
-5
-6
14
-59
94
-28
-87
129
-153
31
139
-201
156
-42
-121
240
-170
28
196
-253
151
8
-134
278
-264
160
-44
-78
181
-186
157
-60
-62
121
-135
135
-48
-106
106
-149
103
23
-99
60
-9
-72
160
-140
45
33
-40
105
-36
-15
46
-84
28
41
-70
67
-5
-35
43
-27
27
-36
-9
-2
3
67
-34
-13
50
-98
63
26
-18
42
-48
-59
84
-67
-20
29
-107
111
-55
20
-22
6
-50
93
-33
-21
95
-94
43
38
-56
51
42
-107
143
-48
-91
224
-200
48
90
-213
293
-146
20
79
-166
149
-33
-50
106
-108
21
5
-96
163
-151
34
-38
-37
149
-88
-9
-34
-13
27
-3
-93
49
-56
-13
107
-129
63
-21
-46
127
-46
-41
112
-176
100
37
-164
223
-154
-61
293
-351
205
1
-200
262
-152
-100
190
-118
-71
230
-250
91
188
-304
192
69
-286
385
-100
-279
536
-440
175
223
-490
428
-35
-295
436
-272
-64
344
-467
289
55
-287
282
-125
-155
350
-345
60
201
-381
317
-85
-248
306
-175
-123
304
-288
4
301
-353
139
197
-341
234
84
-294
296
-31
-249
353
-141
-143
286
-196
-48
340
-295
-17
264
-340
179
160
-353
197
59
-273
262
-54
-240
245
-76
-111
183
-128
-79
176
-115
-21
103
-73
-28
114
-44
-66
168
-78
-28
149
-27
-58
98
-57
-85
246
-114
-132
230
-183
24
176
-214
25
170
-259
108
126
-234
162
12
-179
157
-39
-57
84
-73
-44
55
-18
-4
3
-40
-13
-38
52
-8
-37
11
-1
1
51
-17
0
-4
34
4
0
-6
-7
-3
-13
45
-16
-54
66
-54
25
26
-71
-10
15
0
17
-77
28
-6
-60
139
-110
0
87
-34
70
4
-72
95
-25
42
35
-79
66
19
-58
87
-54
-103
173
-169
101
42
-166
140
-75
-47
117
-51
-80
83
-86
-40
121
-153
64
60
-203
182
1
-146
166
-85
-61
149
-88
-47
131
-131
26
133
-145
44
51
-103
67
69
-96
53
-13
-48
55
24
-30
-25
56
-61
62
42
-115
77
22
-77
82
-14
-85
61
-33
-31
64
-52
-5
26
-18
29
-34
40
-32
22
24
-9
33
-2
10
-39
27
7
25
-19
-15
19
-8
31
-4
-25
17
-11
2
25
2
44
-41
-31
0
3
1
16
-43
-33
26
-21
-13
-5
-30
-1
-31
-10
53
10
-27
-14
-7
16
20
-11
6
-17
10
17
-36
7
-18
-19
44
-11
-27
27
-16
5
8
-32
31
4
-13
22
-9
-6
21
-25
13
12
2
14
8
-8
17
7
11
48
-9
-9
10
-16
16
10
-45
8
-16
-9
26
-22
-11
-16
-22
7
6
-25
-1
-9
1
13
6
-12
-22
-9
-11
25
-9
4
-17
-9
27
33
30
0
-4
5
5
2
0
-3
13
1
0
20
7
1
-10
-17
0
-8
6
-1
-27
-23
-40
-6
-5
-13
19
-5
1
-1
-2
1
0
8
5
4
-6
-4
-6
-11
1
-1
8
21
25
27
0
-1
4
12
30
18
11
0
-2
-2
6
16
5
-4
-14
-18
-5
0
-3
-14
-16
4
2
6
-4
-21
-15
-7
-2
-2
-12
-23
-21
-22
-10
-12
-13
-13
-17
1
-2
-2
11
-15
-5
23
8
3
12
-9
2
18
6
3
0
-5
9
11
4
-5
0
1
-1
-1
-1
-18
-7
0
-1
-1
0
-3
6
16
6
14
4
-4
4
6
8
11
0
4
1
3
8
-5
-1
-3
-3
6
1
-2
-1
-3
-2
1
0
-4
-3
-15
-11
-7
-12
-1
0
-3
7
5
-3
5
1
5
7
-3
1
3
1
6
2
-1
4
-3
5
11
0
0
-1
-7
8
5
0
4
-10
-11
6
-2
3
2
-11
-2
-3
-12
-3
-9
-17
5
-3
-4
0
-12
-4
-1
-2
6
10
9
7
7
0
2
5
6
4
1
1
-1
-1
0
1
3
0
-1
3
3
-3
5
3
0
6
4
0
1
0
0
1
-3
-1
-1
-6
-10
-11
-19
-16
-15
-16
-10
-12
-8
-8
-3
0
-2
0
5
0
4
0
1
3
3
3
8
4
1
6
-1
4
6
0
0
3
-2
-1
-3
-2
5
0
1
5
10
11
4
8
14
8
7
7
-2
0
0
-2
0
-3
-5
-6
-3
-1
-1
0
-1
0
-1
-3
-3
-3
-7
-4
-10
-13
-7
-13
-14
-7
-4
-1
3
0
1
0
2
10
3
2
8
1
-1
0
-3
-1
0
-2
-1
-1
-2
0
4
0
2
2
-1
-1
0
0
0
-1
-2
-1
-2
-1
-1
-1
-4
-6
-3
-1
0
1
0
2
3
4
2
5
8
8
8
6
6
5
6
3
4
0
0
0
-1
0
-4
-4
-3
-5
-8
-10
-16
-3
0
-2
-20
-18
-10
-1
18
6
11
5
0
3
8
17
10
0
-11
-17
-21
-27
-24
-25
-17
-4
0
6
12
20
12
11
8
8
10
2
3
0
-4
0
1
0
1
-4
-6
-5
-3
-3
0
-5
3
5
4
6
7
14
16
13
8
7
6
2
3
0
0
-2
1
-2
2
2
-2
1
0
-1
0
0
-1
0
-5
-7
-8
-10
-6
-13
-18
-12
-17
-17
-12
-7
-1
-1
0
1
0
3
6
4
2
1
0
-1
-1
-2
-2
0
-1
2
1
1
1
-1
1
3
-1
-1
1
0
0
0
-1
0
0
-1
-2
-3
-1
-2
-4
-13
-5
-2
-1
-2
-2
0
2
2
4
8
7
9
9
12
11
9
8
9
2
4
4
3
2
0
0
0
0
-1
0
0
2
0
-1
-1
-1
-3
-2
-1
-6
-3
-3
-3
-2
-4
-8
-9
-9
-13
-11
-13
-13
-6
-5
-6
-1
-1
0
-1
2
5
0
1
0
0
2
1
3
2
2
4
7
2
1
0
0
0
-1
-2
-5
-2
0
0
1
1
9
13
12
9
14
15
8
9
3
1
1
0
0
0
0
-1
-2
-3
-2
-3
-3
-2
-4
-9
-4
-2
-6
-7
-11
-11
-13
-17
-13
-10
-4
-2
0
2
0
3
4
7
8
5
5
0
0
1
0
-1
0
-1
0
0
2
0
0
0
0
1
-1
-1
-1
-1
-1
-1
-2
-5
-2
0
0
-3
-6
-5
-11
-9
-1
-1
0
0
-2
4
7
3
10
11
10
10
8
10
10
7
5
2
2
-1
2
0
3
2
-2
0
1
-2
0
-2
-1
-1
-3
-2
-2
-2
-3
-6
-3
-4
-7
-4
-5
-6
-5
-6
-10
-14
-12
-10
-8
-7
-9
-3
1
1
2
5
9
3
4
2
0
3
1
2
0
1
3
1
0
0
1
0
0
0
0
-2
-3
0
2
0
2
2
12
14
8
8
11
13
10
8
5
5
3
0
-1
0
-1
-2
0
-3
-2
0
-2
-3
-2
-5
-7
-6
-8
-10
-14
-14
-13
-17
-12
-12
-8
-4
0
-2
0
-1
0
4
0
0
1
0
-2
0
0
0
0
0
1
-1
0
1
1
0
0
0
0
0
0
2
0
3
4
0
1
3
0
-2
-2
-5
-6
0
-1
0
1
2
2
6
2
5
10
11
10
10
7
5
5
5
5
0
0
-1
0
-3
0
-3
-1
-2
-4
-1
-1
-2
-2
-3
-3
-1
-2
-3
-4
-2
0
-1
-6
-5
-4
-5
-9
-11
-13
-15
-10
-9
-9
-4
-6
0
0
0
0
4
6
2
1
4
2
1
2
0
1
3
3
2
0
2
0
0
0
-1
-1
-3
-2
2
1
0
0
7
14
7
8
10
11
9
6
5
1
2
0
0
0
-1
0
-2
0
-2
-1
0
-1
-2
-2
-2
-5
-6
-7
-11
-15
-14
-13
-11
-10
-7
-3
-2
0
-1
0
1
5
6
0
1
1
0
0
1
0
-1
0
-1
1
0
0
-1
1
0
0
1
-3
0
-1
-1
0
0
0
-3
-1
-1
1
-3
-8
-8
-6
-1
-1
0
0
0
3
7
6
8
12
12
11
13
11
10
12
8
6
7
1
1
2
1
0
1
-1
0
0
-1
0
0
0
-1
0
0
-2
-1
-1
-4
-2
-5
-1
-3
-7
-8
-8
-11
-12
-13
-13
-7
-8
-10
-3
0
-1
-1
0
6
0
0
-1
1
0
0
1
-1
0
0
-1
0
-1
-2
0
0
-2
-1
-11
-6
0
1
0
0
3
12
11
6
10
10
10
7
4
1
0
0
0
1
0
0
-2
0
-2
-2
0
-1
-1
-1
-4
-3
-6
-7
-8
-12
-12
-11
-11
-9
-4
-2
0
0
1
2
1
7
8
1
1
0
2
0
-1
0
0
0
0
0
2
0
0
1
-1
0
0
0
0
0
0
0
0
-3
-2
0
-1
-1
-4
-1
-8
-6
0
0
0
-1
0
2
7
3
7
11
12
8
12
11
10
9
8
5
3
2
1
1
-1
0
-2
0
-1
-5
-3
-2
-3
-6
-4
-5
-4
-3
-3
-4
-6
-4
-6
-6
-5
-5
-8
-7
-7
-9
-12
-10
-4
-4
-4
-2
1
4
5
3
10
6
5
3
-1
2
0
0
0
0
2
1
2
1
0
0
0
-1
-1
-5
-6
-1
1
-1
0
0
11
12
7
8
11
10
8
3
2
0
0
0
-1
0
-1
0
-1
-5
-4
-1
-1
-2
-5
-4
-4
-5
-7
-8
-12
-16
-11
-12
-10
-8
-3
-1
0
0
0
0
3
8
0
0
1
2
3
3
2
2
0
0
0
2
3
0
0
0
-1
-1
0
0
-1
1
2
0
1
0
0
-2
0
-2
-3
-4
-9
-2
0
0
0
-2
3
4
2
5
6
9
10
8
7
4
5
7
6
2
1
2
-1
-1
0
-1
-1
-2
0
1
-1
-1
-1
-1
-1
-2
-2
-2
-2
-2
-3
-3
-6
-7
-8
-5
-10
-11
-12
-14
-14
-9
-5
-11
-5
3
0
0
0
7
5
2
0
1
0
-1
0
0
0
-1
0
1
0
0
0
1
-1
-2
-1
-5
0
1
1
1
0
8
11
11
11
10
11
11
8
4
4
3
2
2
-1
0
-1
0
0
0
-1
0
-2
-3
-5
-2
-4
-3
-9
-10
-15
-13
-12
-14
-8
-4
-1
-1
0
0
0
1
7
6
3
2
0
0
-1
0
1
0
0
0
0
0
0
3
0
0
2
5
0
0
1
1
0
1
3
0
-1
0
-1
-1
-6
-9
-8
-1
-2
-2
-2
0
0
2
1
5
9
8
8
7
5
7
5
8
2
3
2
1
0
0
0
0
0
0
1
0
0
0
-2
-2
0
-2
-2
-2
-3
-2
-3
-3
-7
-4
-6
-6
-9
-12
-10
-14
-12
-8
-7
-7
-1
0
-1
1
2
4
1
1
0
0
0
0
0
0
0
1
-1
1
0
-1
0
0
1
-3
-3
-3
1
5
6
0
6
15
14
8
5
9
11
8
6
2
1
1
0
-1
0
-2
0
0
-2
-4
-1
-3
-1
-5
-2
-5
-5
-8
-7
-11
-15
-10
-13
-10
-7
-3
0
0
1
0
2
6
6
3
2
-1
0
-1
0
-1
0
0
0
0
0
0
-2
-1
-1
0
-2
-1
0
0
1
0
0
-1
-2
0
-2
-1
-2
-6
-11
-9
-4
-2
0
0
0
3
2
3
8
11
12
9
10
11
12
6
8
9
3
2
1
0
0
0
0
-3
-1
0
0
-2
-2
0
-1
-1
-4
-2
-6
-1
-4
-3
-5
-4
-6
-8
-5
-8
-10
-10
-12
-9
-5
-10
-9
-3
0
0
0
4
7
7
3
5
0
1
0
2
0
0
0
0
0
-3
-2
-2
-1
-2
-6
-5
-4
-1
1
0
3
2
8
17
10
9
11
11
10
6
4
3
2
0
0
-1
0
-3
-2
0
0
1
-1
-1
-3
-1
-4
-4
-7
-7
-9
-11
-7
-11
-10
-4
1
-1
0
0
-1
0
2
6
2
1
0
0
-2
2
0
-1
0
0
0
0
2
-1
0
1
2
1
1
0
0
0
0
-2
-1
-1
0
-1
-1
-1
-5
-7
-10
-3
0
1
0
0
0
4
4
5
10
9
10
9
8
3
7
8
3
1
2
2
1
0
0
-1
1
0
-2
-1
-1
0
-3
-2
0
-2
-3
-2
0
-3
-3
-2
-2
-2
-5
-4
-4
-8
-13
-11
-12
-10
-9
-7
-7
0
0
0
1
2
6
1
0
0
-1
0
1
-1
2
0
0
0
0
2
0
0
0
0
0
-4
-1
1
1
0
2
6
15
9
7
11
8
9
6
4
4
0
0
0
0
-1
0
0
-1
-1
-1
0
-1
-4
-4
-2
-8
-6
-7
-11
-13
-15
-13
-12
-11
-6
-4
-2
0
-1
0
1
7
8
4
3
0
1
2
1
1
0
2
0
0
0
1
1
0
0
0
0
-1
-1
0
0
-1
-1
-1
-5
-1
-2
-2
-4
-3
-8
-8
-2
0
1
0
0
1
5
4
8
10
10
11
10
8
10
12
8
2
2
3
0
1
0
0
0
-1
-1
-1
0
-1
-2
0
-3
-1
-2
-3
-5
-4
-3
-6
-4
-8
-4
-8
-9
-8
-11
-15
-15
-12
-10
-9
-6
-2
0
0
0
2
9
3
2
1
0
1
0
1
1
0
1
0
0
0
0
-1
-2
-2
0
-4
-6
0
1
2
0
5
12
11
6
11
11
9
10
2
0
1
1
2
0
0
-1
-2
-2
0
-2
-1
0
-2
-3
-2
-1
-4
-6
-8
-8
-12
-13
-11
-9
-4
-2
0
3
0
0
2
1
7
3
3
1
3
-2
0
1
0
0
-2
0
0
-1
0
1
-2
0
0
-1
0
0
-1
0
-1
0
-1
-1
-2
-1
-4
-6
-10
-11
-4
-3
-1
-1
0
4
3
1
7
12
13
9
11
10
7
5
8
5
2
4
0
1
2
1
0
1
1
-1
1
0
-1
0
0
-1
0
-2
0
-2
-6
-1
-5
-9
-7
-6
-9
-9
-12
-13
-16
-11
-14
-9
-11
-7
0
-2
0
0
8
4
4
2
4
4
3
3
1
3
0
0
2
0
1
2
0
1
-1
0
-5
2
3
1
3
2
10
16
11
8
12
14
11
5
3
5
0
0
-1
-2
-1
-4
0
-5
-5
-4
-4
-3
-6
-2
-4
-5
-6
-6
-10
-14
-13
-16
-13
-10
-4
-3
0
-1
0
0
1
9
4
4
4
-1
1
3
0
0
1
-1
2
1
2
1
-1
1
0
0
0
0
0
-1
0
-1
-2
-1
-3
-1
-1
-3
-5
-6
-14
-5
-4
-2
0
-1
0
2
1
6
9
8
8
8
7
5
6
6
9
3
0
0
0
0
-2
-1
-2
-1
0
0
0
0
0
0
0
0
0
0
0
0
0
0
0
0
0
0
0
0
0
0
0
0
0
0
0
0
0
0
0
0
0
0
0
0
0
0
0
0
0
0
0
0
0
0
0
0
0
